pos,vel,acc
10.0,100.0,-161.9846
10.98380154,98.380154,-161.9846
11.951659064761742,96.78575247617417,-159.44015238258402
12.903823022238827,95.21639574770852,-156.93567284656447
13.84053992635842,93.67169041195935,-154.47053357491757
14.76205241881678,92.1512492458359,-152.0441166123441
15.668599329904103,90.65469110873228,-149.65581371036205
16.56041573837394,89.18164084698395,-147.30502617483225
17.437733030372193,87.73172919982517,-144.99116471587902
18.30077895744043,86.30459270682348,-142.71364930016858
19.14977769360811,84.8998736167684,-140.4719090055075
19.984949891588023,83.51721979799115,-138.26538187772536
20.806512738088955,82.1562846500931,-136.0935147898053
21.614680008259562,80.81672701706083,-133.95576330322766
22.409662119277023,79.49821110174592,-131.85159153149107
23.191666183093904,78.20040638168814,-129.78047200577808
23.960896058356514,76.92298752626084,-127.74188554273022
24.717552401507692,75.66563431511784,-125.73532111430043
25.461832717086907,74.42803155792134,-123.76027571964985
26.193931407240214,73.20986901533078,-121.81625425905662
26.91403982045254,72.01084132123273,-119.90276940980554
27.622346299514465,70.83064790619247,-118.0193415040271
28.319036228735545,69.66899292210792,-116.1654984084555
29.004292080416015,68.52558516804716,-114.34077540607544
29.678293460588524,67.40013801725088,-112.5447150796278
30.34121715404134,66.29236934528143,-110.77686719694562
30.993237168634344,65.20200145930052,-109.0367885980907
31.634524778918923,64.12876102845789,-107.32404308426342
32.265248569072654,63.072379015373315,-105.63820130845754
32.8855744751596,62.03259060869499,-103.97884066783234
33.49566582672677,61.009135156717235,-102.34554519777566
34.09568338774718,60.00175610204093,-100.73790546763081
34.68578539691978,59.01020091726031,-99.1555184780615
35.26612760733639,58.034221041660025,-97.59798756002884
35.83686332552545,57.07357181890647,-96.0649222753554
36.39814344988263,56.12801243571796,-94.55593831885102
36.950116508497615,55.1973058614982,-93.07065742197604
37.4929286963868,54.281218788918025,-91.60870725801793
38.0267239121411,53.37952157543045,-90.16972134875728
38.551643793998146,52.49198818570445,-88.75333897259986
39.06782775534778,51.61839613496293,-87.35920507415182
39.575413019679885,50.758526433210776,-85.98697017521523
40.074534654983275,49.91216353033896,-84.63629028718177
40.56532560760419,49.07909526209094,-83.30682682480231
41.04791673557297,48.25911279687782,-81.9982465213114
41.522436841407256,47.45201058342898,-80.7102213448845
41.989012704399904,46.6575862992649,-79.4424284164079
42.4477691123997,45.8756407999795,-78.19454992854011
42.89882889309289,45.10597806931906,-76.96627306604461
43.34231294479334,44.34840517004532,-75.7572899273741
43.77834026674905,43.602732195570454,-74.56729744748651
44.20702798897256,42.86877222235172,-73.3959973218733
44.6284914016029,42.14634126303391,-72.2430959317812
45.04284398380618,41.435258220327825,-71.10830427060861
45.45019743222231,40.73534484161324,-69.99133787145807
45.85066168896486,40.04642567425498,-68.89191673582671
46.24434496918107,39.368328021620805,-67.80976526341702
46.63135378817898,38.7008818997903,-66.74461218304988
47.01179298812841,38.04391999494367,-65.696190484663
47.385765764342615,37.397277621419896,-64.66423735237754
47.753373691146955,36.76079268043374,-63.64849409861589
48.11471674734137,36.13430561944119,-62.648706099254596
48.469893341262804,35.51765939214324,-61.66462272979575
48.819000335453985,34.910699419117826,-60.69599730254103
49.16213307094469,34.3132735490703,-59.74258700475261
49.49938539115161,33.725232020692445,-58.80415283778544
49.830849665402816,33.14642742512069,-57.88045955717561
50.15661681209266,32.576714668983996,-56.97127561366989
50.47677632147298,32.015950938032184,-56.07637309518139
50.79141627808634,31.463995661335613,-55.1955276696572
51.10062338284681,30.92071047604718,-54.32851852884334
51.40448297477399,30.38595919271785,-53.47512833293301
51.70307905238556,29.859607761157005,-52.63514315608443
51.99649429475385,29.34152423682906,-51.80835243279438
52.28481008223163,28.831578747777918,-50.994548905114144
52.56810651685234,28.329643462070973,-50.19352857069457
52.84646244240989,27.8355925557545,-49.40509063164724
53.11995546422301,27.34930218131241,-48.62903744420895
53.38866196858922,26.87065043662044,-47.86517446919681
53.6526571419331,26.399517334388023,-47.11331022324165
53.9120149896539,25.935784772080147,-46.37325623078737
54.166808354677016,25.479336502311703,-45.64482697684441
54.41710893571408,25.03005810370685,-44.927839860485214
54.66298730523624,24.587836952216147,-44.222115149070305
54.90451292716509,24.152562192884215,-43.527475933193315
55.141754174285694,23.724124712060878,-42.843748082333754
55.37477834538618,23.302417110048815,-42.170760201206384
55.60365168212799,22.88733367418085,-41.508343586796244
55.828439385651194,22.478770352320165,-40.856332186068585
56.04920563291896,22.076624726776735,-40.21456255434311
56.2660135928053,21.680795988633516,-39.58287381432199
56.47892544193006,21.2911849124759,-38.96110761576158
56.68800238024524,20.907693831518124,-38.349108095777495
56.89330464637644,20.53022661312039,-37.74672183977334
57.094891532723345,20.15868863469056,-37.15379784298306
57.292821400322985,19.792986759964386,-36.57018747261739
57.48715169347957,19.433029315658334,-35.995744430605015
57.67793895416446,19.078726068489146,-35.43032471691885
57.86523883619,18.729988202554363,-34.87378659347848
58.04910611916068,18.386728297068167,-34.325990548619586
58.22959472220515,18.04886030444695,-33.78679926212149
58.40675771749254,17.71629952873911,-33.25607757078405
58.58064734353648,17.388962604393658,-32.73369243454528
58.7513150182901,17.066767475362347,-32.21951290313114
58.9188113520354,16.749633374530056,-31.713410083229277
59.08318616007008,16.437480803468272,-31.215257106178317
59.24448847519514,16.130231512506626,-30.72492909616475
59.40276656000631,15.827808481117431,-30.24230313891936
59.5580679189924,15.530135898608378,-29.76725825090534
59.71043931044358,15.237139145118475,-29.299675348990448
59.859926758172705,14.94874477291252,-28.83943722059552
60.0065755630524,14.6648804879694,-28.386428494311897
60.150430314371,14.385475131859597,-27.940535610980383
60.291534901010074,14.110458663907352,-27.50164679522453
60.42993252244641,13.839762143633042,-27.069652027431015
60.56566569958112,13.57331771347134,-26.64444301617021
60.69877628539873,13.311058581760841,-26.22591317104993
60.82930547545874,13.052919006000884,-25.813957575995605
60.95729381822245,12.798834276371382,-25.408472962950167
61.082781225217566,12.548740699511512,-25.009357685987062
61.2058069810431,12.302575582553214,-24.61651169582989
61.32640975321715,12.060277217405492,-24.22983651477226
61.44462760187,11.821784865285576,-23.84923521199168
61.56049798928493,11.587038741493064,-23.474612379251123
61.674057789289165,11.35598000042324,-23.10587410698234
61.785343296497324,11.128550720815792,-22.742927960744826
61.89439023540967,10.904693891235246,-22.385682958054563
62.00123376936747,10.684353395779478,-22.03404954557676
62.105908509367595,10.467474000012711,-21.687939576676822
62.20844852273879,10.25400133711947,-21.34726628932397
62.308887341681555,10.043881894276051,-21.01194428434192
62.407257971673914,9.83706299923604,-20.681889504001244
62.50359289974518,9.63349280712656,-20.357019210947975
62.5979241026197,9.433120287451928,-20.037251967463174
62.69028305473272,9.235895211301445,-19.72250761504834
62.780700736120295,9.04176813875813,-19.412707254331465
62.869207640185344,8.850690406505242,-19.107773225288717
62.95583378134162,8.662614115627473,-18.80762908777681
63.040608702537654,8.477492119603761,-18.512199602371172
63.12356148266254,8.29527801248871,-18.22141071150511
63.20472074383533,8.115926117279658,-17.935189520905215
63.284114658579995,7.939391474466474,-17.653464281318417
63.361770956887604,7.765629830761213,-17.37616437052604
63.43771693316765,7.594597628004809,-17.103220275640393
63.51197945309013,7.426251992248015,-16.834563575679443
63.584584960320164,7.260550723003863,-16.570126924415213
63.65555948314685,7.0974522826689475,-16.309844033491576
63.72492864100796,6.936915786110875,-16.053649655807252
63.79271765091216,6.7789009904192765,-15.80147956915982
63.85895133376034,6.62336828481781,-15.55327056014664
63.92365412056768,6.470278680734624,-15.30896040831868
63.98685005858797,6.319593802028791,-15.068487870583226
64.04856281734168,6.1712758753702746,-14.83179266585162
64.10881569454939,6.025287720770994,-14.598815459928126
64.16763162197203,5.8815927422646315,-14.369497850636193
64.22503317115937,5.740154918732848,-14.143782353178313
64.28104255910813,5.6009387948755895,-13.921612385725883
64.33568165383136,5.463909472323236,-13.702932255235396
64.38897197984024,5.329032600888361,-13.487687143487449
64.44093472353978,5.196274369954911,-13.275823093345036
64.49159073853981,5.065601500002634,-13.067286995227693
64.54096055088246,4.936981234264652,-12.862026573798138
64.58906436418762,4.810381330516073,-12.65999037485798
64.63592206471753,4.68577005299158,-12.461127752449325
64.68155322636183,4.5631161644299905,-12.265388856158962
64.72597711554427,4.442388918243771,-12.072724618621972
64.76921269605238,4.323558050811554,-11.883086743221643
64.81127863379129,4.206593773891728,-11.696427691982587
64.85219330146285,4.091466767155188,-11.512700673654031
64.89197478317121,3.978148170835385,-11.3318596319803
64.93064087895614,3.8666095784938297,-11.15385923415554
64.96820910925513,3.756823029899232,-10.978654859459795
65.00469671929531,3.6487610040184957,-10.806202588073594
65.04012068341649,3.5423964121178133,-10.636459190068237
65.07449770932621,3.437702590972123,-10.469382114569013
65.10784424228802,3.3346532961812367,-10.304929479088647
65.14017646924394,3.2332226955909538,-10.143060059028302
65.17151032287211,3.133385362817519,-9.98373327734349
65.20186148558085,3.0351162708737958,-9.826909194372309
65.2312453934398,2.938390785895561,-9.672548497823476
65.25967724004947,2.843184660966345,-9.520612492921604
65.28717198034987,2.749474030039272,-9.371063092707292
65.31374433436942,2.6572354019543765,-9.223862808489569
65.33940879091492,2.5664456545498933,-9.078974740448327
65.36417961120358,2.47708202886605,-8.936362568384354
65.38807083243798,2.389122123439903,-8.795990542614676
65.41109627132488,2.302543888689794,-8.657823475010908
65.43326952753876,2.2173256213880106,-8.521826730178375
65.45460398713095,2.1334459592202726,-8.387966216773801
65.47511282588526,2.050883875430679,-8.256208378959368
65.49480901262076,1.9696186735507688,-8.126520187991009
65.51370531244288,1.8896299822113802,-7.998869133938854
65.53181428994324,1.810897750036003,-7.873223217537708
65.54914831234939,1.7334022406143474,-7.749550942165554
65.56571955262494,1.6571240275548669,-7.627821305948055
65.58153999252109,1.582043989614996,-7.508003793987076
65.59662142558017,1.5081433059078833,-7.390068370711278
65.610975460092,1.4354034511844145,-7.2739854723468795
65.6246135220039,1.3638061911893478,-7.159725999506674
65.6375468577848,1.2933335780903932,-7.047261309895463
65.6497865372446,1.2239679459790924,-6.9365632111300775
65.66134345630901,1.1556919064423707,-6.827603953672175
65.67222833975104,1.0884883442036501,-6.7203562238720504
65.68245174387937,1.022340412832433,-6.614793137121717
65.69202405918458,0.9572315305212775,-6.510888231115535
65.70095551294386,0.8931453759291105,-6.408615459216701
65.70925617178476,0.8300658840898311,-6.307949183927944
65.71693594420861,0.7679772423851834,-6.2088641704647705
65.72400458307442,0.7068638865808866,-6.111335580429676
65.73047168804366,0.6467104969250295,-6.015338965585711
65.73634670798674,0.587501994307751,-5.920850261727849
65.74163894335155,0.5292235364812445,-5.8278457826506385
65.74635754849494,0.4718605143391386,-5.7363022142105935
65.75051153397749,0.41539854825432,-5.646196608481862
65.75410976882223,0.35982348447428303,-5.557506378003693
65.75716098273796,0.30512139157310036,-5.470209290118266
65.75967376830755,0.25127855695912577,-5.38428346139746
65.76165658314193,0.19828148343755408,-5.299707352157167
65.7631177520002,0.14611688582697632,-5.216459761057776
65.7640654688765,0.09477168762908161,-5.134519819789471
65.764507799054,0.044233017750671504,-5.053866987841011
65.76445268112677,-0.005511792722835342,-4.974481047350684
65.76390792898974,-0.054475213703216764,-4.896342098038142
65.76288123379749,-0.10266951922537519,-4.8194305522158425
65.76138016589225,-0.15010679052416376,-4.743727129878858
65.75941217670162,-0.19679891906288183,-4.669212853871806
65.75698460060647,-0.24275760951419884,-4.5958690451317015
65.75410465677953,-0.2879943826942542,-4.523677318005535
65.75077945099503,-0.3325205784506682,-4.452619575641396
65.74701597740997,-0.37634735850518825,-4.3826780054520045
65.74282112031746,-0.4194857092516831,-4.313835074649485
65.73820165587236,-0.461946444510186,-4.246073525850293
65.73316425378998,-0.5037402082376778,-4.179376372749178
65.72771547901802,-0.5448774771962888,-4.113726895861089
65.72186179338222,-0.5853685635795886,-4.049108638329979
65.71560955720624,-0.6252236175976229,-3.9855054018034366
65.70896503090603,-0.6644526300213441,-3.9229012423721246
65.70193437655915,-0.703065434687074,-3.861280466572993
65.69452365944953,-0.7410717109616269,-3.800627627455283
65.68673884958784,-0.7784809861687101,-3.74092752070832
65.67858582320807,-0.8153026379772115,-3.6821651808501352
65.67007036424054,-0.851545896751971,-3.6243258774759486
65.66119816576187,-0.887219847867627,-3.567395111565591
65.65197483142201,-0.9223334339861162,-3.511358611848923
65.64240587684903,-0.9568954572983996,-3.4562023312283445
65.63249673103172,-0.9909145817309747,-3.401912443257503
65.62225273768054,-1.0243993351177278,-3.3484753386753123
65.61167915656716,-1.057358111337672,-3.2958776219944137
65.60078116484297,-1.0897991724191043,-3.2441061081432303
65.58956385833686,-1.1217306506107119,-3.1931478191607607
65.57803225283266,-1.1531605504201448,-3.1429899809432964
65.56619128532645,-1.184096750620567,-3.0936200200422386
65.5540458152642,-1.2145470062256893,-3.045025560512216
65.54160062575987,-1.2445189504337764,-2.9971944208087122
65.52886042479446,-1.2740200965411206,-2.950114610734426
65.5158298463962,-1.3030578398254564,-2.903774328433594
65.5025134518022,-1.3316394593997918,-2.8581619574335324
65.48891573060183,-1.3597721200371182,-2.813266063732645
65.47504110186216,-1.38746287396646,-2.769075392934175
65.46089391523576,-1.4147186626407098,-2.7255788674249803
65.446478452051,-1.4415463184766961,-2.682765583598624
65.43179892638531,-1.467952566567917,-2.64062480912208
65.41685948612161,-1.4939440263703707,-2.5991459802453822
65.40166421398798,-1.519527213361906,-2.5583186991535274
65.38621712858124,-1.5447085406755057,-2.5181327313599717
65.37052218537417,-1.5694943207069165,-2.4785780031410787
65.3545832777072,-1.593890766697025,-2.4396445990108586
65.33840423776431,-1.6179039942893787,-2.40132275923538
65.32198883753368,-1.6415400230632409,-2.363602877386221
65.30534078975326,-1.6648047780425643,-2.3264754979323534
65.28846374884145,-1.6877040911812629,-2.289931313869852
65.2713613118132,-1.7102437028251511,-2.253961164388837
65.25403701918168,-1.7324292631509217,-2.218556032577064
65.23649435584585,-1.7542663335825175,-2.183707043159585
65.218736751964,-1.7757603881852566,-2.149405460273916
65.20076758381362,-1.7969168150380581,-2.115642685280152
65.18259017463778,-1.8177409175841128,-2.0824102546054784
65.16420779547818,-1.8382379159603384,-2.049699837622546
65.14562366599512,-1.85841294830595,-2.0175032345611643
65.12684095527462,-1.878271072050478,-1.9858123744528071
65.1078627826228,-1.8978172651815521,-1.9546193131073974
65.08869221834787,-1.9170564274927708,-1.9239162311218787
65.06933228452975,-1.9359933818119714,-1.8936954319200656
65.04978595577765,-1.9546328752102042,-1.8639493398232827
65.03005615997573,-1.9729795801917174,-1.8346704981513122
65.01014577901708,-1.9910380958652492,-1.8058515673531712
64.99005764952611,-2.0088129490969218,-1.7774853231672503
64.96979456356966,-2.026308595645025,-1.7495646548103516
64.94935926935689,-2.043529421276977,-1.722082563195177
64.9287544719282,-2.060479742868735,-1.6950321591758102
64.90798283383333,-2.0771638094869425,-1.6684066618207627
64.8870469757988,-2.093585803454074,-1.6421993967131487
64.86594947738483,-2.1097498413968494,-1.6164037942775544
64.84469287763206,-2.1256599752781815,-1.5910133881331947
64.82327967569793,-2.141320193412911,-1.5660218134729336
64.80171233148326,-2.1567344214675885,-1.5414228054677732
64.77999326624881,-2.1719065234445525,-1.5172101976963979
64.7581248632223,-2.1868403026505465,-1.4933779205993907
64.7361094681958,-2.2015395026501237,-1.4699199999577321
64.71394939011377,-2.2160078082040755,-1.4468305553951963
64.69164690165184,-2.2302488461931183,-1.4241037989042713
64.66920423978657,-2.2442661865270708,-1.4017340333952348
64.64662360635617,-2.258063343039751,-1.3797156512680235
64.62390716861248,-2.2716437743698163,-1.358043133006531
64.6010570597642,-2.2850108848277664,-1.3367110457949902
64.5780753795117,-2.298168025249327,-1.3157140421560838
64.55496419457334,-2.3111184938354317,-1.295046858610458
64.53172553920355,-2.3238655369790044,-1.2747043143572792
64.50836141570277,-2.33641235007876,-1.2546813099755276
64.48487379491937,-2.3487620783402168,-1.2349728261456843
64.46126461674372,-2.3609178175641317,-1.215573922391501
64.4375357905945,-2.372882614922547,-1.1964797358415322
64.41368919589726,-2.384659469722648,-1.177685480010123
64.38972668255568,-2.3962513341586233,-1.1591864435975436
64.36565007141516,-2.407661114051713,-1.140977989308971
64.34146115471937,-2.4188916695786333,-1.1230555526920254
64.31716169655948,-2.429945815988559,-1.105414640992561
64.29275343331639,-2.4408263243088433,-1.0880508320284354
64.26823807409599,-2.451535922039653,-1.0709597730809661
64.24361730115761,-2.462077293837691,-1.0541371798038015
64.21889277033573,-2.47245308218918,-1.0375788351489303
64.194066111455,-2.4826658880722756,-1.0212805883095646
64.16913892873892,-2.4927182716090717,-1.0052383536796219
64.14411280121185,-2.502612752707367,-0.9894481098295569
64.11898928309492,-2.51235181169235,-0.9739058984982787
64.09376990419564,-2.521937889928359,-0.9586078236009032
64.06845617029133,-2.53137339043088,-0.9435500502520937
64.04304956350664,-2.540660678468927,-0.9287288038047357
64.01755154268507,-2.5498020821579646,-0.9141403689037233
63.991963543754636,-2.5587998930435107,-0.8997810885545983
63.96628698008788,-2.567656366675579,-0.8856473632068251
63.94052324285614,-2.5763737231740937,-0.871735649851467
63.914673701378284,-2.584954147785424,-0.8580424611330262
63.88873970346398,-2.5933997914301767,-0.8445643644752474
63.86272257575156,-2.6017127712423833,-0.8312979812206445
63.83662362404056,-2.6098951711002187,-0.8182399857835492
63.81044413361908,-2.6179490421483833,-0.8053871048164609
63.784185369585956,-2.625876403312278,-0.7927361163894879
63.75784857716791,-2.633679241804105,-0.7802838491826867
63.7314349820317,-2.641359513621016,-0.7680271816910791
63.704945790591346,-2.6489191440354376,-0.755963041442163
63.67838219031057,-2.6563600280776947,-0.7440884042257112
63.65174535000046,-2.6636840310110514,-0.7324002933356697
63.625036420112465,-2.670892988799291,-0.720895778823964
63.5982565330268,-2.6779887085669514,-0.7095719767660285
63.571406803336274,-2.68497296905233,-0.6984260485378675
63.54448832812574,-2.6918475210533748,-0.687455200104476
63.517502187247075,-2.698614087866569,-0.676656681319443
63.49044944358989,-2.7052743657189247,-0.6660277852355447
63.46333114334796,-2.7118300241931865,-0.6555658474261756
63.436148316281496,-2.718282706646361,-0.645268245317439
63.40890197597528,-2.724634030621668,-0.6351323975307226
63.381593120092745,-2.730885588254024,-0.6251557632356066
63.354222730626056,-2.7370389466691534,-0.6153358415129322
63.32679177414229,-2.7430956483764324,-0.6056701707278807
63.29930120202574,-2.749057211655561,-0.5961563279128939
63.271751950716364,-2.7549251309371643,-0.5867919281602916
63.24414494194459,-2.7607008771774084,-0.5775746240244262
63.216481082962325,-2.7663858982267406,-0.5685021049332359
63.1887612667704,-2.771981619192831,-0.5595720966090285
63.16098637234242,-2.777489442797815,-0.5507823604983777
63.133157264845124,-2.7829107497299246,-0.5421306932109635
63.10527479585523,-2.788246898989597,-0.5336149259672336
63.077339803572926,-2.7934992282301443,-0.5252329240547366
63.049353113032,-2.7986690540930743,-0.5169825862930022
63.021315536306616,-2.8037576725381426,-0.5088618445068152
62.99322787271493,-2.8087663591682204,-0.5008686630077754
62.965090909019445,-2.8136963695490604,-0.493001038083996
62.9369054196242,-2.8185489395240384,-0.4852569974978138
62.908672166768966,-2.8233252855239526,-0.4776345999913989
62.88039190072025,-2.828026604871954,-0.4701319348001176
62.85206535995941,-2.8326540760836894,-0.4627471211735541
62.82369327136779,-2.83720885916273,-0.45547830790404475
62.79527635040888,-2.841692095891356,-0.448323672862621
62.76681530130771,-2.8461049101167784,-0.4412814225422421
62.73831081722738,-2.8504484080328605,-0.43434979160820486
62.709763580442804,-2.854723678457417,-0.42752704245561457
62.68117426251175,-2.858931793105155,-0.42081146477380393
62.65254352444319,-2.863073806856331,-0.414201375117595
62.623872016862975,-2.867150758021184,-0.40769511648530266
62.59516038017697,-2.8711636686002175,-0.4012910579033564
62.56640924473157,-2.875113544540392,-0.39498759401745254
62.53761923097169,-2.8790013759872934,-0.3887831446901302
62.50879094959636,-2.88282813753334,-0.3826761546046633
62.47992500171174,-2.886594788462092,-0.3766650928751796
62.451021978981856,-2.890302272988721,-0.3707484526628999
62.42208246377689,-2.8939515204967052,-0.3649247507984086
62.39310702931918,-2.897543445770804,-0.3591925274098573
62.36409623982692,-2.901078949226374,-0.3535503455570037
62.33505065065557,-2.904558917135084,-0.3479967908710089
62.305970808437095,-2.907984221847083,-0.34253047119987823
62.276857251216995,-2.9113557220096777,-0.33715001625949004
62.24771050858917,-2.9146742627825786,-0.3318540772900862
62.218531101828674,-2.9179406760497604,-0.3266413267181765
62.189319544022396,-2.921155780627998,-0.32151045782374066
62.160076340197676,-2.9243203824721244,-0.3164601844126631
62.130801987448905,-2.927435274877068,-0.3114892404943168
62.10149697506214,-2.93050123867671,-0.3065963799642013
62.07216178463774,-2.9335190424396256,-0.3017803762915783
62.04279689021112,-2.936489442661746,-0.29704002221200554
62.01340275837156,-2.9394131839559927,-0.2923741294247
61.98397984837917,-2.9422909992389394,-0.2877815282946621
61.95452861228003,-2.945123609914534,-0.28326106755947045
61.92504949501948,-2.947911726054941,-0.27881161404068955
61.895542934553696,-2.950656046578539,-0.2744320523598027
61.86600936195944,-2.9533572594251254,-0.2701212846586172
61.83644920154216,-2.956016041728366,-0.26587823032405034
61.806862870942304,-2.9586330599855386,-0.26170182571724965
61.777250781240056,-2.9612089702246083,-0.2575910239069561
61.74761333705837,-2.963744418168679,-0.2535447944070661
61.71795093666439,-2.966240039397862,-0.24956212291831203
61.6882639720693,-2.968696459508602,-0.24564201107399608
61.6585528291266,-2.971114294270499,-0.24178347618972662
61.62881788762879,-2.9734941497806697,-0.2379855510170774
61.59905952140264,-2.975836622615681,-0.2342472835011229
61.569278098402826,-2.9781422999810987,-0.23056773654177842
61.53947398080424,-2.9804117598586877,-0.2269459877588904
61.509647525092724,-2.9826455711512976,-0.22338112926101328
61.47979908215447,-2.984844293825476,-0.21987226741782617
61.449928997363955,-2.9870084790518368,-0.21641852263611838
61.42003761067052,-2.98913866934323,-0.21301902913929105
61.39012525668361,-2.991235398690733,-0.20967293475033166
61.360192264756634,-2.9932991926975148,-0.20637940067819116
61.330238959069526,-2.99533056871059,-0.2031376013075148
61.30026565871002,-2.9973300359505064,-0.19994672399168056
61.270272677753624,-2.999298095638997,-0.1968059688490884
61.240260325342376,-3.0012352411246237,-0.19371454856264592
61.210228905762314,-3.003141958006448,-0.19067168818240532
61.180178718519755,-3.005018724255761,-0.18767662493130377
61.150110058416395,-3.0068660103359,-0.18472860801394742
61.12002321562319,-3.0086842793201845,-0.18182689842840905
61.08991847575311,-3.010473987007994,-0.17897076878097185
61.05979611993272,-3.012235582039032,-0.1761595031037908
61.02965642487266,-3.013969506005786,-0.17339239667541673
60.99949966293702,-3.0156761935642273,-0.17066875584413488
60.96932610221159,-3.017356072542768,-0.1679878978540863
60.9391360065711,-3.0190095640495094,-0.1653491506741096
60.90892963574532,-3.020637082577802,-0.16275185282928728
60.87870724538421,-3.0222390361101534,-0.16019535323511835
60.848469087122005,-3.0238158262204964,-0.15767901103431559
60.818215408640256,-3.025367848174858,-0.1552021954361491
60.78794645372995,-3.0268954910304413,-0.15276428555832577
60.75766246235262,-3.028399137733155,-0.1503646702713466
60.727363670700484,-3.029879165213608,-0.148002748045311
60.697050311255666,-3.031335944481599,-0.1456779267991255
60.666722612848474,-3.0327698407191197,-0.14338962375208197
60.636380800714754,-3.0341812133718973,-0.14113726527777004
60.60602509655236,-3.0355704162395,-0.13892028676027746
60.57565571857672,-3.036937797564027,-0.13673813245265798
60.54527288157554,-3.038283700117403,-0.13459025533761704
60.51487679696267,-3.039608461287307,-0.13247611699038409
60.48446767283105,-3.0409124131617444,-0.13039518744374323
60.45404571400493,-3.042195882612296,-0.12834694505518485
60.42361112209117,-3.0434591913760576,-0.1263308763761355
60.393164095529805,-3.04470265613629,-0.12434647602325466
60.36270482964379,-3.0459265886018074,-0.12239324655173967
60.332233516687936,-3.047131295585114,-0.12047069833063517
60.30175034589714,-3.048317079079315,-0.11857834942008516
60.2712555035338,-3.04948423633382,-0.11671572545052822
60.240749172934514,-3.050633059928858,-0.11488235950378023
60.21023153455602,-3.0517638378488177,-0.11307779199599022
60.179702766020476,-3.052876853554442,-0.11130157056242851
60.149163042159934,-3.053972386053883,-0.10955324994409654
60.11861253506021,-3.055050709972644,-0.10783239187610505
60.08805141410399,-3.056112095622422,-0.10613856497781082
60.0574798460133,-3.0571568090688688,-0.10447134464468188
60.02689799489132,-3.0581851121982875,-0.1028303129418573
59.99630602226349,-3.059197262783281,-0.10121505849937851
59.96570408711801,-3.0601935145473718,-0.09962517640907365
59.935092345945726,-3.061174117228602,-0.09806026812304669
59.904470952779306,-3.0621393166421402,-0.0965199413537805
59.87384005923189,-3.0630893547418983,-0.09500380997579239
59.843199814535076,-3.0640244696811867,-0.09351149392884484
59.81255036557635,-3.0649448958724133,-0.09204261912267064
59.78189185693589,-3.0658508640458453,-0.09059681734319636
59.75122443092282,-3.066742601307448,-0.08917372616024277
59.72054822761086,-3.0676203311958146,-0.08777298883666607
59.68986338487348,-3.068484273738204,-0.08639425423893954
59.659170038418424,-3.069334645505695,-0.08503717674912448
59.62846832182175,-3.0701716596674773,-0.08370141617823634
59.59775836656131,-3.070995526044287,-0.08238663768096544
59.5670403020497,-3.0718064511610046,-0.08109251167173781
59.53631425566671,-3.072604638298426,-0.0798187137420987
59.50558035279127,-3.07339028754422,-0.07856492457938558
59.47483871683284,-3.074163595843087,-0.07733082988668993
59.44408946926238,-3.0749247570461273,-0.07611612030406256
59.41333272964278,-3.075673961959437,-0.07492049133097112
59.38256861565886,-3.0764113983919366,-0.07374364324996385
59.351797243146834,-3.0771372512024517,-0.0725852810515395
59.32101872612337,-3.0778517023460537,-0.07144511436019396
59.290233176814176,-3.07855493091967,-0.07032285736162791
59.25944070568211,-3.0792471132069807,-0.06921822873110628
59.22864142145488,-3.07992842272261,-0.06813095156292714
59.19783543115233,-3.08059903025562,-0.06706075330101502
59.167022840113205,-3.081259103912326,-0.06600736567059329
59.13620375202162,-3.0819088091584352,-0.064970524610934
59.105378268933016,-3.082548308860527,-0.06394997020916637
59.07454649129975,-3.083177763326878,-0.06294544663512003
59.04370851799627,-3.0837973303476502,-0.06195670207719317
59.012864446343926,-3.0844071652344427,-0.06098348867923242
58.98201437213533,-3.0850074208592266,-0.06002556247839852
58.9511583896584,-3.085598247692667,-0.0590826833440099
58.92029659171998,-3.0861797938418403,-0.05815461491734997
58.889429069669106,-3.0867522050873646,-0.05724112455241226
58.858555913419906,-3.0873156249199405,-0.05634198325758799
58.827677211474146,-3.087870194576323,-0.05545696563825686
58.7967930509434,-3.088416053074726,-0.054585849840290024
58.765903517570905,-3.0889533372496705,-0.05372841749443236
58.735008695753045,-3.0894821817862863,-0.05288445366156669
58.7041086685605,-3.0900027192540747,-0.0520537467788289
58.6732035177591,-3.0905150801401406,-0.05123608860657658
58.64229332383028,-3.0910193928819023,-0.0504312741761872
58.61137816599129,-3.0915157838992893,-0.04963910173867969
58.58045812221503,-3.0920043776264308,-0.048859372714131766
58.5495332692496,-3.0924852965428498,-0.04809189164191263
58.51860368263756,-3.0929586612041664,-0.047336466131677746
58.48766943673484,-3.093424590272318,-0.046592906815139834
58.45673060472939,-3.093883200545304,-0.04586102729860375
58.425787258659525,-3.0943346069864663,-0.045140644116238526
58.39483946943199,-3.0947789227533073,-0.04443157668408659
58.363887306839736,-3.095216259225855,-0.043733647254796004
58.33293083957939,-3.0956467260345857,-0.04304668087306318
58.30197013526851,-3.0960704310879033,-0.04237050533177733
58.27100526046252,-3.0964874805991918,-0.04170495112884609
58.24003628067139,-3.096897979113439,-0.04104985142471218
58.209063260376055,-3.097302029533444,-0.040405042000526414
58.1780862630446,-3.097699733145614,-0.039770361216984185
58.14710535114814,-3.098091189645352,-0.03914564997380232
58.11612058617652,-3.0984764971620504,-0.03853075166983988
58.08513202865368,-3.098855752283689,-0.03792551216383977
58.05413973815287,-3.099229050081047,-0.037329779735790325
58.02314377331155,-3.099596484131536,-0.03674340504889173
57.99214419184612,-3.0999581465426576,-0.0361662411121193
57.96114105056637,-3.1003141279750914,-0.035598143243380065
57.930134405389715,-3.100664517665424,-0.035038969033238665
57.89912431135523,-3.1010094034485163,-0.03448857830922236
57.86811082263743,-3.101348871779523,-0.03394683310068469
57.83709399255988,-3.101683007755565,-0.0334135976042127
57.80607387360851,-3.102011895137061,-0.03288873814958926
57.775050517444825,-3.1023356163687237,-0.032372123166284794
57.744023974918825,-3.1026542526002285,-0.03186362315047475
57.71299429608176,-3.102967883706554,-0.031363110632571356
57.68196153019868,-3.103276588308007,-0.030870460145279388
57.65092572576078,-3.1035804437899284,-0.030385548192136014
57.61988693049756,-3.103879526322094,-0.02990825321655599
57.58884519138878,-3.1041739108778077,-0.029438455571360045
57.55780055467625,-3.1044636712526956,-0.028976037488782858
57.52675306587542,-3.1047488800832053,-0.028520883050950907
57.49570276978677,-3.1050296088648133,-0.02807287816082127
57.46464971050707,-3.1053059279699493,-0.02763191051358671
57.43359393144041,-3.1055779066656344,-0.02719786956851511
57.40253547530911,-3.105845613130847,-0.026770646521248054
57.37147438416437,-3.106109114473612,-0.026350134276517778
57.34041069939689,-3.106368476747825,-0.02593622742130819
57.309344461747195,-3.106623764969809,-0.025528822198423562
57.27827571131585,-3.106875043134614,-0.025127816480483567
57.247204487573526,-3.1071223742320573,-0.024733109744320636
57.216130829370904,-3.107365820262515,-0.024344603045781454
57.18505477494838,-3.1076054422524644,-0.0239621989949228
57.15397636194568,-3.1078413002697802,-0.02358580173159819
57.122895627411296,-3.1080734534387946,-0.023215316901429972
57.09181260781175,-3.1083019599551163,-0.022850651632155383
57.060727339040746,-3.10852687710022,-0.02249171451034293
57.02963985642819,-3.108748261255805,-0.022138415558482727
56.99855019474901,-3.108966167917929,-0.021790666212426757
56.9674583882319,-3.109180651710921,-0.021448379299188858
56.93636447056789,-3.109391766401072,-0.021111469015091977
56.905268474918785,-3.1095995649101145,-0.02077985090426182
56.8741704339255,-3.109804099328489,-0.02045344183745179
56.84307037971622,-3.110005420928401,-0.02013215999120721
56.81196834391445,-3.1102035801766745,-0.01981592482735106
56.780864357646976,-3.1103986267474024,-0.019504657072800136
56.749758451551635,-3.110590609534399,-0.0191982786996876
56.718650655785,-3.1107795766634574,-0.018896712905803525
56.68754100002995,-3.110965575504411,-0.018599884095348074
56.65642951350312,-3.1111486526830108,-0.018307717859973316
56.62531622496219,-3.111328854092612,-0.01802014096013771
56.594201162713134,-3.1115062249056793,-0.01773708130674123
56.56308435461728,-3.11168080958511,-0.017458467943058942
56.53196582809833,-3.1118526518953793,-0.017184231026948105
56.50084561014919,-3.1120217949135127,-0.016914301813345745
56.469723727338796,-3.112188281039883,-0.016648612637033544
56.43860020581871,-3.1123521520088397,-0.016387096895675413
56.40747507132972,-3.112513448899171,-0.016129689033122396
56.37634834920828,-3.1126722121444006,-0.015876324522977825
56.34522006439285,-3.112828481542925,-0.01562693985242447
56.314090241430165,-3.112982296267988,-0.01538147250629951
56.28295890448139,-3.1131336948775026,-0.015139860951429718
56.251826077328154,-3.1132827153237144,-0.014902044621198485
56.22069178337853,-3.113429394962718,-0.014667963900370395
56.18955604567289,-3.1135737705638196,-0.0144375601101423
56.1584188868897,-3.1137158783187537,-0.014210775493434191
56.127280329351194,-3.113855753850758,-0.01398755320041456
56.09614039502896,-3.1139934322235003,-0.013767837274245132
56.06499910554946,-3.114128947949871,-0.013551572637054754
56.033856482199454,-3.114262335000632,-0.013338705076134438
56.002712545931324,-3.1143936268129355,-0.013129181230347342
55.97156731736834,-3.114522856298703,-0.012922948576748361
55.94042081680981,-3.114650055852877,-0.012719955417422213
55.909273064236196,-3.1147752573615426,-0.012520150866524027
55.8781240793141,-3.114898492209918,-0.012323484837517995
55.8469738814012,-3.115019791290224,-0.012129908030630077
55.8158224895511,-3.115139185009429,-0.011939371920481001
55.784669922518134,-3.1152567032968683,-0.011751828743928883
55.753516198762014,-3.115372375611749,-0.011567231488092133
55.72236133645251,-3.115486230950535,-0.01138553387856689
55.69120535347397,-3.115598297854213,-0.011206690367823846
55.660048267429815,-3.115708604415451,-0.011030656123793392
55.62889009564696,-3.1158171782856376,-0.010857387018626596
55.59773085518014,-3.115924046681814,-0.010686839617633836
55.5665705628162,-3.116029236393498,-0.010518971168393065
55.53540923507831,-3.1161327737893982,-0.010353739590039268
55.50424688823007,-3.1162346848240254,-0.010191103462708462
55.47308353827963,-3.116334995044197,-0.010031022017160218
55.441919200983676,-3.1164337295954425,-0.009873455124555619
55.41075389185139,-3.1165309132283063,-0.009718363286396858
55.37958762614835,-3.1166265703045526,-0.009565707624629383
55.34842041890032,-3.1167207248032716,-0.009415449871889692
55.31725228489705,-3.116813400326891,-0.009267552361920117
55.28608323869598,-3.116904620107092,-0.009121978020121269
55.25491329462587,-3.1169944070106346,-0.008978690354260799
55.22374246679042,-3.117082783545088,-0.00883765344532339
55.19257076907177,-3.117169771864473,-0.008698831938509954
55.16139821513402,-3.1172553937748164,-0.008562191034373612
55.130224818426626,-3.1173396707396175,-0.008427696480093338
55.09905059218777,-3.1174226238852265,-0.008295314560891498
55.06787554944771,-3.1175042740061425,-0.008165012091581936
55.03669970303201,-3.117584641570225,-0.008036756408247747
55.00552306556477,-3.1176637467238253,-0.007910515360056714
54.97434564947181,-3.1177416092968375,-0.007786257301201971
54.94316746698373,-3.117818248807667,-0.00766395108296436
54.91198853013905,-3.117893684468126,-0.007543566045911554
54.88080885078717,-3.1179679351882483,-0.007425072012205547
54.84962844059136,-3.1180410195810286,-0.0073084392780407015
54.81844731103169,-3.118112955967091,-0.007193638606198149
54.7872654734079,-3.118183762379278,-0.007080641218717432
54.756082938842226,-3.118253456567175,-0.00696941878967916
54.72489971828221,-3.118322056001556,-0.006859943438107585
54.69371582250342,-3.118389577878766,-0.006752187720979741
54.66253126211217,-3.118456039125029,-0.006646124626346506
54.63134604754816,-3.118521456400695,-0.0065417275665611285
54.60016018908712,-3.118585846104411,-0.006438970371614339
54.56897369684335,-3.118649224377237,-0.006337827282576036
54.537786580772284,-3.1187116071066883,-0.006238272945133794
54.50659885067298,-3.1187730099307207,-0.006140282403242381
54.475410516190564,-3.1188334482416495,-0.006043831092863883
54.444221586818664,-3.1188929371900076,-0.005948894835809959
54.41303207190178,-3.1189514916883443,-0.005855449833684467
54.38184198063763,-3.1190091264149635,-0.005763472661915792
54.35065132207946,-3.1190658558176025,-0.005672940263880655
54.31946010513829,-3.119121694117054,-0.005583829945133623
54.28826833858518,-3.119176655310731,-0.005496119367708552
54.25707603105342,-3.119230753176176,-0.005409786544524842
54.22588319104068,-3.1192840012745147,-0.005324809833875399
54.194689826911144,-3.1193364129538548,-0.005241167933997204
54.16349594689762,-3.119388001352632,-0.005158839877736909
54.13230155910359,-3.119438779402905,-0.005077805027291049
54.10110667150525,-3.119488759833595,-0.004998043069034175
54.06991129195351,-3.1195379551736795,-0.004919534008427817
54.038715428175955,-3.1195863777553297,-0.004842258165004942
54.00751908777878,-3.119634039717004,-0.004766196167438785
53.976322278248716,-3.119680953006491,-0.004691328948688955
53.945125006954875,-3.119727129383903,-0.00461763774121593
53.91392728115063,-3.1197725804246255,-0.004545104072282591
53.88272910797541,-3.1198173175222186,-0.004473709759319711
53.8515304944565,-3.1198613518912723,-0.004403436905368707
53.820331447510796,-3.1199046945702182,-0.004334267894597232
53.78913197394655,-3.119947356424097,-0.004266185387879595
53.75793208046508,-3.1199893481472816,-0.00419917231845357
53.72673177366242,-3.120030680266158,-0.004133211887642929
53.695531060031,-3.1200713631417645,-0.004068287560640371
53.66432994596128,-3.1201114069723883,-0.0040043830623686105
53.633128437743316,-3.1201508217961225,-0.003941482373400085
53.60192654156838,-3.1201896174933816,-0.003879569725937948
53.57072426353049,-3.1202278037893802,-0.003818629599866341
53.53952160962792,-3.1202653902565687,-0.0037586467188566175
53.50831858576475,-3.120302386317034,-0.003699606046542847
53.4771151977523,-3.1203388012448614,-0.003641492782747946
53.445911451310614,-3.120374644168459,-0.00358429235977642
53.41470735206988,-3.1204099240728467,-0.003527990438761286
53.383502905571866,-3.1204446498019074,-0.003472572906068727
53.35229811727126,-3.120478830060605,-0.0034180258697631416
53.32109299253709,-3.120512473417166,-0.0033643356561219306
53.289887536654035,-3.120545588305228,-0.0033114888062089065
53.258681754823776,-3.120578183025953,-0.0032594720725009907
53.22747565216628,-3.1206102657501087,-0.0032082724155646503
53.196269233721075,-3.1206418445201165,-0.003157877000791842
53.16506250444856,-3.1206729272520684,-0.0031082731951794784
53.13385546923118,-3.12070352173771,-0.0030594485641604052
53.10264813287471,-3.120733635646395,-0.0030113908684921142
53.07144050010944,-3.120763276527007,-0.0029640880611854215
53.04023257559134,-3.1207924518098515,-0.0029175282844837724
53.00902436390325,-3.1208211688085203,-0.0028716998668922855
52.97781586955603,-3.120849434721723,-0.002826591320251204
52.94660709698968,-3.1208772566350915,-0.002782191336856421
52.91539805057445,-3.1209046415229578,-0.0027384887866244156
52.88418873461195,-3.120931596250101,-0.002695472714304259
52.85297915333622,-3.120958127573468,-0.0026531323367260384
52.82176931091478,-3.1209842421438694,-0.0026114570401061243
52.790559211449704,-3.1210099465076433,-0.0025704363773781935
52.75934885897862,-3.121035247108299,-0.0025300600655802086
52.728138257475734,-3.121060150288132,-0.002490317983272483
52.69692741085284,-3.121084662289812,-0.0024512001680028206
52.66571632296026,-3.12110878925795,-0.0024126968138125093
52.634504997587854,-3.121132537240638,-0.002374798268768963
52.60329343846595,-3.1211559121909636,-0.0023374950325552035
52.57208164926626,-3.1211789199685045,-0.0023007777540833274
52.54086963360285,-3.121201566340796,-0.0022646372291532657
52.509657395033,-3.1212238569847774,-0.002229064398142633
52.47844493705812,-3.1212457974882146,-0.0021940503437392067
52.44723226312461,-3.1212673933511015,-0.0021595862887027195
52.41601937662474,-3.1212886499870383,-0.002125663593663063
52.38480628089749,-3.121309572724588,-0.002092273754960239
52.353592979229404,-3.121330166808613,-0.0020594084025082893
52.32237947485539,-3.12135043740159,-0.00202705929769742
52.29116577095954,-3.1213703895849036,-0.0019952183313316496
52.259951870675934,-3.1213900283601195,-0.0019638775215913284
52.228737777089435,-3.12140935865024,-0.0019330290120374016
52.197523493236424,-3.1214283853009364,-0.0019026650696378766
52.16630902210561,-3.1214471130817647,-0.0018727780828307061
52.13509436663873,-3.121465546687361,-0.0018433605596159808
52.103879529731344,-3.121483690738618,-0.0018144051256800964
52.07266451423351,-3.121501549783843,-0.0017859045225421255
52.04144932295051,-3.1215191282999006,-0.0017578516057383808
52.01023395864358,-3.121536430693331,-0.001730239343029183
51.97901842403057,-3.1215534613014575,-0.0017030608126384905
51.94780272178664,-3.121570224393473,-0.0016763092015157355
51.916586854544924,-3.121586724171509,-0.0016499778036305202
51.88537082489721,-3.121602964771692,-0.0016240600182904075
51.85415463539456,-3.121618950265177,-0.0015985493484853563
51.82293828854797,-3.1216346846591696,-0.001573439399261467
51.79172178682899,-3.121650171897931,-0.0015487238761151545
51.760505132670346,-3.121665415863765,-0.00152439658341752
51.729288328466566,-3.1216804203779933,-0.0015004514228618149
51.698071376574546,-3.1216951892019127,-0.001476882391929557
51.666854279314165,-3.1217097260377367,-0.0014536835823921734
51.63563703896887,-3.121724034529525,-0.0014308491788277422
51.60441965778623,-3.1217381182640964,-0.0014083734571599393
51.57320213797851,-3.1217519807719287,-0.0013862507832307358
51.54198448172323,-3.1217656255280426,-0.0013644756113775358
51.5107666911637,-3.121779055952873,-0.0013430424830529475
51.47954876840957,-3.1217922754131275,-0.0013219460254507709
51.448330715537345,-3.121805287222629,-0.0013011809501612959
51.41711253459091,-3.1218180946431473,-0.0012807420518434753
51.385894227582064,-3.1218307008852166,-0.0012606242069228557
51.35467579649097,-3.12184310910894,-0.0012408223723054945
51.32345724326672,-3.121855322424781,-0.0012213315841140826
51.29223856982778,-3.1218673438943454,-0.001202146956443606
51.26101977806247,-3.121879176531147,-0.0011832636801374363
51.229800869829454,-3.1218908233013627,-0.001164677021580296
51.198581846958206,-3.121902287124578,-0.0011463823215125402
51.16736271124946,-3.1219135708745163,-0.0011283749938613141
51.136143464475666,-3.121924677379762,-0.0011106505245930265
51.10492410838142,-3.121935609424468,-0.0010932044705791455
51.07370464468393,-3.1219463697490526,-0.0010760324584833114
51.04248507507342,-3.1219569610508895,-0.0010591301836671008
51.01126540121357,-3.1219673859849806,-0.0010424934091073368
50.980045624741926,-3.121977647164624,-0.0010261179643364926
50.948825747270305,-3.121987747162068,-0.0010099997443973052
50.917605770385215,-3.1219976885091563,-0.0009941347088124886
50.88638569564824,-3.122007473697962,-0.0009785188805713219
50.85516552459642,-3.1220171051814134,-0.0009631483451357781
50.82394525874268,-3.122026585373908,-0.0009480192494564221
50.792724899576164,-3.1220359166519183,-0.000933127801006961
50.76150444856262,-3.1220451013545865,-0.0009184702668330047
50.73028390714477,-3.1220541417843126,-0.0009040429726212551
50.6990632767427,-3.12206304020733,-0.0008898423017686952
50.66784255875415,-3.122071798854275,-0.0008758646944864168
50.636621754554945,-3.1220804199207444,-0.0008621066468998961
50.60540086549926,-3.1220889055678462,-0.0008485647101741378
50.574179892920036,-3.122097257922743,-0.0008352354896494774
50.542958838129245,-3.122105479079183,-0.0008221156439871535
50.511737702418266,-3.1221135710980263,-0.000809201884336197
50.48051648705819,-3.122121536007761,-0.0007964909735047598
50.44929519330014,-3.1221293758050126,-0.0007839797251527614
50.41807382237559,-3.1221370924550427,-0.0007716650029898631
50.386852375496666,-3.1221446878922428,-0.0007595437199885424
50.35563085385646,-3.122152164020619,-0.0007476128376167068
50.324409258629316,-3.12215952271427,-0.0007358693650676429
50.29318759097114,-3.1221667658178553,-0.0007243103585157229
50.261965852019664,-3.1221738951470592,-0.000712932920375664
50.23074404289477,-3.122180912489045,-0.0007017341985795511
50.19952216469874,-3.1221878196029036,-0.0006907113858583003
50.16830021851654,-3.122194618220094,-0.0006798617190373335
50.137078205416095,-3.1222013100448778,-0.0006691824783491285
50.10585612644855,-3.122207896754745,-0.0006586709867457685
50.07463398264854,-3.1222143800008375,-0.000648324609233697
50.04341177503446,-3.1222207614083595,-0.0006381407522040305
50.012189504608685,-3.1222270425769874,-0.0006281168627948475
49.98096717235787,-3.1222332250812697,-0.0006182504282383761
49.94974477925316,-3.122239310471022,-0.0006085389752419346
49.91852232625044,-3.122245300271716,-0.0005989800693599889
49.88729981429059,-3.12225119598486,-0.0005895713143901915
49.85607724429971,-3.1222569990883775,-0.000580310351765867
49.824854617189345,-3.1222627110369774,-0.0005711948599733674
49.79363193385672,-3.122268333262517,-0.000562222553959657
49.76240919518498,-3.122273867174363,-0.0005533911845709838
49.731186402043384,-3.1222793141597425,-0.0005446985379791158
49.699963555287546,-3.1222846755840936,-0.0005361424351333355
49.668740655759635,-3.1222899527914056,-0.0005277207312079923
49.63751770428859,-3.1222951471045564,-0.0005194313150713725
49.60629470169034,-3.1223002598256437,-0.0005112721087510153
49.575071648767974,-3.122305292236313,-0.0005032410669176812
49.54384854631199,-3.1223102455980767,-0.0004953361763684327
49.512625395100464,-3.122315121152632,-0.00048755545552392476
49.48140219589924,-3.122319920122171,-0.00047989695393013676
49.45017894946215,-3.1223246437096885,-0.0004723587517743155
49.41895565653115,-3.1223292930992823,-0.000464938959396477
49.38773231783659,-3.1223338694564506,-0.00045763571681955995
49.356508934097306,-3.1223383739283834,-0.00045044719328490856
49.32528550602086,-3.122342807644251,-0.00044337158679130795
49.29406203430371,-3.1223471717154876,-0.0004364071236411249
49.262838519631345,-3.1223514672360677,-0.0004295520579988832
49.23161496267851,-3.1223556952827822,-0.00042280467145339173
49.20039136410936,-3.122359856915508,-0.00041616327258697794
49.169167724577584,-3.122363953177474,-0.00040962619654738575
49.13794404472663,-3.1223679850955204,-0.000403191804636549
49.106720325189826,-3.1223719536803594,-0.0003968584838967004
49.07549656659056,-3.1223758599268265,-0.0003906246467062502
49.04427276954242,-3.12237970481413,-0.00038448873038099407
49.013048934649355,-3.122383489306098,-0.0003784491967833148
48.98182506250584,-3.1223872143514173,-0.000372504531938489
48.950601153697,-3.1223908808838736,-0.0003666532456509941
48.91937720879878,-3.122394489822585,-0.00036089387113502625
48.88815322837806,-3.1223980420722315,-0.0003552249646423533
48.856929212992824,-3.1224015385232824,-0.0003496451051070437
48.8257051631923,-3.1224049800522202,-0.0003441528937822014
48.794481079517084,-3.1224083675217593,-0.00033874695389268794
48.76325696249927,-3.122411701781062,-0.0003334259302905096
48.73203281266261,-3.122414983665953,-0.0003281884891146447
48.700808630522616,-3.122418213999128,-0.0003230333174553124
48.66958441658671,-3.122421393590358,-0.00031795912302623464
48.63836017135434,-3.1224245232366967,-0.0003129646338395631
48.607135895317114,-3.1224276037226755,-0.0003080485978896874
48.57591158895891,-3.122430635820504,-0.00030320978283615574
48.544687252756006,-3.122433620290261,-0.0002984469756954766
48.513462887177205,-3.1224365578800866,-0.00029375898253913846
48.48223849268394,-3.1224394493263685,-0.0002891446281916288
48.4510140697304,-3.122442295353928,-0.0002846027559373354
48.41978961876364,-3.1224450966762003,-0.0002801322272310003
48.38856514022368,-3.1224478539954146,-0.0002757319214108378
48.357340634543654,-3.122450568002769,-0.00027140073541875864
48.32611610214987,-3.122453239378604,-0.00026713758352236994
48.294891543461944,-3.1224558687925748,-0.00026294139704585717
48.263666958892905,-3.1224584569038156,-0.0002588111240990898
48.2324423488493,-3.1224610043611087,-0.0002547457293138322
48.20121771373127,-3.1224635118030446,-0.0002507441935879484
48.169993053932686,-3.1224659798581826,-0.0002468055138251657
48.13876836984123,-3.1224684091452093,-0.00024292870268638467
48.1075436618385,-3.1224708002730925,-0.00023911278834187755
48.07631893030008,-3.1224731538412347,-0.00023535681422703902
48.045094175595686,-3.122475470439623,-0.0002316598388034663
48.0138693980892,-3.1224777506489763,-0.00022802093532181544
47.98264459813879,-3.122479995040892,-0.000224439191590875
47.95141977609701,-3.1224822041779894,-0.0002209137097466396
47.92019493231087,-3.1224843786140495,-0.00021744360603115354
47.88897006712193,-3.122486518894155,-0.0002140280105651371
47.85774518086638,-3.1224886255548263,-0.00021066606713660008
47.82652027387514,-3.1224906991241563,-0.00020735693298146174
47.79529534647392,-3.1224927401219422,-0.00020409977857216433
47.76407039898332,-3.1224947490598165,-0.00020089378741339203
47.73284543171891,-3.122496726441375,-0.0001977381558369018
47.701620444991285,-3.122498672762303,-0.00019463209279368954
47.67039543910618,-3.1225005885104995,-0.00019157481966569634
47.63917041436452,-3.1225024741662,-0.0001885655700615274
47.6079453710625,-3.122504330202096,-0.00018560358962993462
47.57672030949166,-3.1225061570834547,-0.00018268813586796995
47.54549522993898,-3.122507955268234,-0.00017981847793802075
47.51427013268691,-3.1225097252071987,-0.0001769938964795159
47.48304501801347,-3.122511467344033,-0.00017421368343306654
47.45181988619232,-3.1225131821154517,-0.00017147714186194207
47.420594737492806,-3.1225148699513094,-0.00016878358577709918
47.38936957218006,-3.122516531274709,-0.00016613233996309873
47.35814439051504,-3.122518166502107,-0.00016352273981201648
47.3269191927546,-3.1225197760434185,-0.0001609541311564655
47.29569397915158,-3.1225213603021196,-0.00015842587010261866
47.26446874995482,-3.1225229196753483,-0.00015593732287211282
47.233243505409284,-3.122524454554005,-0.00015348786564128858
47.20201824575606,-3.1225259653228488,-0.00015107688438753542
47.17079297123245,-3.122527452360596,-0.00014870377473030771
47.13956768207205,-3.1225289160400136,-0.00014636794178546353
47.108342378504766,-3.1225303567280136,-0.00014406880001072153
47.077117060756905,-3.1225317747857444,-0.00014180577306355246
47.04589172905122,-3.1225331705686807,-0.00013957829365196517
47.01466638360695,-3.1225345444267147,-0.00013738580339861528
46.98344102463991,-3.1225358967042416,-0.0001352277526942558
46.952215652362504,-3.1225372277402474,-0.00013310360056451032
46.92099026698382,-3.122538537868393,-0.000131012814530429
46.88976486870965,-3.1225398274170977,-0.00012895487047970278
46.85853945774255,-3.122541096709623,-0.00012692925253254828
46.82731403428191,-3.122542346064152,-0.00012493545291114572
46.79608859852397,-3.12254357579387,-0.0001229729718144057
46.7648631506619,-3.122544786207043,-0.00012104131729184786
46.73363769088583,-3.122545977607094,-0.00011914000512192047
46.7024122193829,-3.122547150292681,-0.00011726855868676722
46.671186736337326,-3.1225483045577693,-0.00011542650885765227
46.63996124193041,-3.1225494406917083,-0.00011361339387416791
46.60873573634061,-3.1225505589793006,-0.00011182875922699509
46.5775102197436,-3.1225516597008762,-0.00011007215755043376
46.54628469231228,-3.122552743132361,-0.00010834314850249882
46.51505915421682,-3.122553809545348,-0.00010664129865922689
46.48383360562475,-3.122554859207162,-0.00010496618140543035
46.452608046700945,-3.1225558923809302,-0.00010331737682722775
46.421382477607686,-3.1225569093256462,-0.00010169447160457423
46.39015689850472,-3.1225579102962353,-0.00010009705891178555
46.358931309549284,-3.1225588955436185,-9.852473831450936e-05
46.32770571089613,-3.1225598653147753,-9.697711566580836e-05
46.29648010269761,-3.122560819852805,-9.545380301201334e-05
46.26525448510364,-3.1225617593969903,-9.395441849324726e-05
46.23402885826181,-3.122562684182853,-9.24785862448374e-05
46.202803222317385,-3.122563594442216,-9.102593631116207e-05
46.17157757741335,-3.1225644904032612,-8.959610454528644e-05
46.140351923690446,-3.1225653722905866,-8.818873251925652e-05
46.109126261287194,-3.122566240325261,-8.680346743528133e-05
46.077900590339944,-3.1225670947248814,-8.543996204135595e-05
46.04667491098291,-3.1225679357036267,-8.409787453533824e-05
46.015449223348185,-3.1225687634723114,-8.277686848590093e-05
45.9842235275658,-3.122569578238439,-8.147661274726659e-05
45.95299782376374,-3.1225703802062528,-8.01967813730542e-05
45.92177211206797,-3.1225711695767884,-7.89370535390077e-05
45.89054639260249,-3.122571946547923,-7.769711345950725e-05
45.85932066548934,-3.122572711314426,-7.647665030852124e-05
45.828094930848664,-3.122573464068007,-7.527535814499942e-05
45.79686918879869,-3.1225742049973655,-7.409293583027221e-05
45.76564343945581,-3.122574934288235,-7.292908695788469e-05
45.73441768293457,-3.122575652123433,-7.178351977810138e-05
45.70319191934774,-3.1225763586829043,-7.065594711974654e-05
45.6719661488063,-3.1225770541437674,-6.95460863289199e-05
45.6407403714195,-3.1225777386803593,-6.845365918639601e-05
45.60951458729485,-3.1225784124642777,-6.737839184633998e-05
45.57828879653821,-3.1225790756644254,-6.632001476258864e-05
45.54706299925374,-3.1225797284470516,-6.527826262292535e-05
45.51583719554398,-3.122580370975794,-6.425287428513116e-05
45.484611385509865,-3.1225810034117214,-6.32435927059305e-05
45.453385569250734,-3.1225816259133703,-6.225016488148327e-05
45.42215974686437,-3.122582238636788,-6.127234178165963e-05
45.39093391844701,-3.122582841735571,-6.030987828786749e-05
45.359708084093405,-3.122583435360902,-5.93625331317682e-05
45.32848224389679,-3.1225840196615904,-5.84300688366568e-05
45.29725639794894,-3.122584594784107,-5.751225165262497e-05
45.26603054634022,-3.1225851608726223,-5.660885150327033e-05
45.234804689159525,-3.1225857180690415,-5.5719641928853036e-05
45.20357882649439,-3.122586266513042,-5.484440002145874e-05
45.17235295843097,-3.1225868063421056,-5.398290637970149e-05
45.14112708505405,-3.1225873376915563,-5.3134945045663073e-05
45.109901206447105,-3.122587860694591,-5.230030345426684e-05
45.078675322692284,-3.122588375482315,-5.1478772379098814e-05
45.04744943387045,-3.122588882183774,-5.0670145881781536e-05
45.01622354006119,-3.1225893809259864,-4.987422125690699e-05
44.98499764134285,-3.122589871833976,-4.909079898407498e-05
44.95377173779254,-3.1225903550308027,-4.831968267726694e-05
44.92254582948617,-3.122590830637593,-4.756067903510797e-05
44.89131991649843,-3.122591298773571,-4.6813597791128814e-05
44.86009399890287,-3.1225917595560877,-4.607825166935697e-05
44.82886807677186,-3.122592213100651,-4.5354456335466864e-05
44.79764215017665,-3.1225926595209543,-4.4642030349706374e-05
44.76641621918736,-3.1225930989289057,-4.394079512337612e-05
44.73519028387302,-3.1225935314346542,-4.325057487086781e-05
44.70396434430155,-3.12259395714662,-4.257119657058439e-05
44.672738400539835,-3.122594376171519,-4.19024899178666e-05
44.64151245265369,-3.122594788614392,-4.1244287282360403e-05
44.61028650070791,-3.1225951945786288,-4.059642366804894e-05
44.57906054476625,-3.1225955941659955,-3.9958736667955463e-05
44.54783458489148,-3.12259598747666,-3.9331066431280703e-05
44.51660862114539,-3.1225963746092162,-3.871325561277672e-05
44.48538265358878,-3.1225967556607097,-3.810514934166065e-05
44.454156682281514,-3.1225971307266613,-3.750659517987032e-05
44.422930707282504,-3.1225974999010924,-3.691744308298439e-05
44.391704728649735,-3.122597863276546,-3.633754536380707e-05
44.36047874644029,-3.1225982209441128,-3.576675665417639e-05
44.32925276071036,-3.1225985729934513,-3.5204933871213484e-05
44.29802677151523,-3.122598919512813,-3.465193617824269e-05
44.26680077890934,-3.1225992605890625,-3.4107624951040805e-05
44.235574782946266,-3.1225995963077,-3.3571863743198094e-05
44.20434878367874,-3.122599926752882,-3.304451825059118e-05
44.17312278115867,-3.122600252007445,-3.2525456279408616e-05
44.14189677543714,-3.122600572152922,-3.2014547713288266e-05
44.110670766564446,-3.122600887269567,-3.151166447867837e-05
44.079444754590085,-3.122601197436372,-3.1016680512863104e-05
44.04821873956278,-3.1226015027310896,-3.052947173642906e-05
44.01699272153048,-3.12260180323025,-3.0049916015073563e-05
43.98576670054039,-3.1226020990091814,-2.9577893136512046e-05
43.95454067663897,-3.122602390142029,-2.911328477406272e-05
43.923314649871955,-3.122602676701774,-2.865597446177759e-05
43.892088620284355,-3.1226029587602495,-2.8205847560691666e-05
43.86086258792047,-3.1226032363881617,-2.7762791234842155e-05
43.82963655282392,-3.122603509655106,-2.7326694421070385e-05
43.798410515037624,-3.1226037786295837,-2.689744779793557e-05
43.76718447460383,-3.122604043379021,-2.6474943764398517e-05
43.735958431564136,-3.1226043039697853,-2.6059076406959036e-05
43.70473238595947,-3.1226045604672,-2.564974147745147e-05
43.67350633783011,-3.1226048129355637,-2.5246836363734815e-05
43.64228028721573,-3.1226050614381644,-2.485026006837643e-05
43.61105423415536,-3.122605306037296,-2.4459913176677617e-05
43.57982817868742,-3.1226055467942744,-2.4075697839798238e-05
43.54860212084973,-3.1226057837694516,-2.3697517741005925e-05
43.51737606067951,-3.1226060170222323,-2.332527808057705e-05
43.4861499982134,-3.1226062466110878,-2.2958885545598662e-05
43.454923933487464,-3.1226064725935707,-2.259824828954038e-05
43.4236978665372,-3.1226066950263296,-2.2243275909161753e-05
