pos
13.192875366934583
16.01078812747359
29.75224451339789
24.793137368568956
36.83202989839298
37.06782843761859
45.73213498482515
46.44438344172371
52.53485789410633
62.04917704439737
64.81669219942015
66.92460461354197
76.09891565756199
75.81672222464906
78.89851231889482
84.42666978920956
86.09127734480312
93.9858359204588
102.22299840494414
98.28809077901572
104.435355932884
108.49907939693864
110.97530401668413
116.14342643994598
127.0327479873473
127.30507100876183
130.30677124143773
132.1682228553094
134.56173569863466
141.5703414162232
145.92671623578985
152.6010705305159
153.38813910802943
153.96859886243175
158.55682965093573
163.3768328187762
170.7699296357562
171.89495507442072
171.33752698741705
182.41663149867136
184.8939351911127
187.06437605782259
192.31920148721358
191.1699674331141
198.5575882440618
197.83194276584902
207.30526390326392
209.68826050326638
210.65170595807976
216.01462993930107
215.26512657506916
214.04476322126888
219.7241816975888
222.5660178248557
223.546876619399
230.78369228224446
233.2588151718829
232.4580348208836
241.6347899527736
243.54732930546834
241.7811200057464
248.89317198886707
255.46097873442946
254.9711715792761
252.41646536887404
259.91725364129877
261.56548306812147
265.7840138768081
265.8222232661398
268.99794982891035
269.7370156453612
270.9224854053559
272.6917341263408
280.0634343933703
286.7578964324165
284.81968401316067
288.50392969135964
288.96044657680784
296.0382966724407
290.1713700425419
295.2609817199194
298.187258544824
297.6798807835233
297.8419449423321
307.03518248867493
308.4340843330672
308.18280868897125
307.94987315781896
314.1479319328282
311.1141195079919
320.25382956034736
314.5357957707152
319.31578459710954
321.9802951621122
329.66999847267573
326.26071088734375
326.372518581044
332.3808016724383
328.08073366909326
332.7234144082621
333.6659916934318
342.0311540857874
342.86041103950043
342.60891261601745
345.1641721939036
342.3670437918226
342.1035104336463
343.7591589255357
352.17185986782147
347.26222151873344
356.0881279273777
356.19400721598976
359.3664057419499
362.3143769911034
359.1988937867825
356.5007909174748
361.9339815074642
359.6493891743164
369.1860995160731
363.0582686098231
367.776475339192
371.8117753880654
366.2091288960063
366.60227101131784
377.1916216485477
378.7578604453177
377.96579709306957
374.1525394946451
381.73678498502943
374.8954663581792
384.208132278395
378.3564689954588
380.39211232117054
382.7462551910121
385.0515231087322
387.87959989564985
387.8071224535276
384.15913995061874
391.9294211886861
388.13003032655
386.425748551783
393.6712980919875
395.45526146068966
396.6194905678824
393.645787682543
393.14135085269413
397.72096606751023
399.1442431068152
394.98819580612036
399.1118769636703
398.84357536910153
396.6791311991136
400.5357935187737
396.89446962032537
406.21422577736314
403.8987599784745
404.306898972545
405.0888217163968
403.88260307007357
406.0302837000408
409.63606910455485
403.80940285400567
408.2148765952837
411.658885698577
405.165896834905
403.6543769187837
406.2454201090199
408.9277200642769
407.8514959563261
414.69111773384526
415.2803515421424
407.20189515204584
416.2423290814888
408.2203937497588
411.8672070876439
417.9679101786299
414.02259019100194
417.7891963444611
418.19358927085443
411.5485096315176
413.7721715480015
419.49392972708057
415.54984703454886
420.551586023419
420.67111651392815
419.2997022730638
420.7066626134266
420.50475288424036
412.725584432725
421.62817741625366
416.5474542587504
417.0401758208325
420.7036481300241
420.21768909829336
419.4183615587483
417.44877584489734
422.66267821654924
420.5042825208408
417.68530110687504
413.7917746006378
420.6789380824624
421.9197458989837
416.4457938813379
419.6342908824813
418.328026179139
422.2966131397779
423.1295324916978
422.4972121158663
416.01147360450267
414.45143064391414
417.77791064162
419.76379628645185
421.9324226441768
416.31452827677936
420.6982362637289
417.7121763094416
417.2476220552564
415.5252471427479
420.37315178600267
417.6692760620627
413.838375571481
412.35654334880667
413.7034275898856
411.32753266989414
413.5827900590809
416.24524974760845
415.3551536221955
411.33160024792465
418.27016034821304
410.0858314166769
409.5680939553037
416.11711663316805
411.25489464934304
410.0219394006667
409.81593142511787
409.43112916195827
411.37229830080173
408.71148767700254
406.5791652064494
406.0660160448147
408.4358082499934
410.2627380739287
414.069245412438
408.2653216805855
412.70624603209467
406.15907768352935
410.0461974332204
408.7970094903341
403.35991435639437
405.5335432586327
401.9508236184901
406.22681807932145
401.12632218509043
404.56948643195113
401.4457065993268
401.81373481932866
405.7436170663961
403.481744315598
397.37933849234696
400.36147937711917
397.3146528518224
400.21285319742805
396.5832422118313
397.59223076142507
399.1856585691853
402.2406719433833
398.630979614917
394.16167990678304
393.566410079146
394.6961238945223
396.37903329157564
394.0796354409322
392.54307504091065
390.2896089642733
388.79189739105414
389.06035007359156
392.32553508806615
392.7421011984577
387.58308964341313
387.67106206090574
390.44031078200663
389.1045736953094
382.7802708114009
386.04557296928357
387.9421942883317
385.80474473463966
378.8168750644727
377.09081942851606
384.20798748744977
378.96148688235144
375.95346507204783
382.0780820594761
373.39933201439135
377.970999927558
372.2166482348248
378.28152277870896
369.84828898270354
373.09678104571253
371.94624401339166
369.01256341026914
