pos,vel,acc
10.0,100.0,-18.4964
10.99815036,99.815036,-18.4964
11.99445359391971,99.63032339197096,-18.471260802904002
12.98891221226207,99.445861834236,-18.446155773496343
13.981528722117897,99.26165098558262,-18.42108486533835
14.972305627170517,99.07769050526207,-18.396048032054477
15.961245427700405,98.89398005298875,-18.37104522733219
16.9483506205898,98.71051928893954,-18.346076404921913
17.93362369932733,98.52730787375317,-18.321141518636928
18.917067154012628,98.34434546852964,-18.29624052235329
19.898683471360922,98.16163173482954,-18.271373370009737
20.878475134707656,97.97916633467347,-18.246540015607625
21.85644462401307,97.79694893054136,-18.22174041321081
22.832594415866787,97.61497918537191,-18.1969745169456
23.806926983492406,97.4332567625619,-18.17224228100064
24.779444796752063,97.25178132596562,-18.147543659626837
25.750150322151004,97.07055253989425,-18.12287860713729
26.719046022842157,96.88957006911518,-18.09824707790719
27.68613435863067,96.70883357885144,-18.073649026373722
28.65141778597848,96.52834273478108,-18.049084407036016
29.614898758008845,96.34809720303653,-18.024553174455036
30.576579724510886,96.16809665020399,-18.00005528325351
31.536463131944114,95.98834074332284,-17.975590688115826
32.494551423442964,95.80882914988496,-17.95115934378798
33.45084703882131,95.62956153783418,-17.926761205077465
34.40535241457697,95.45053757556565,-17.902396226853195
35.35806998389622,95.2717569319252,-17.87806436404543
36.30900217665831,95.09321927620874,-17.85376557164568
37.258151419439926,94.91492427816168,-17.829499804706636
38.205520135519706,94.73687160797826,-17.805267018342068
39.151110744882715,94.559060936301,-17.781067167726757
40.09492566422492,94.38149193422004,-17.756900208096415
41.03696730695764,94.20416427327257,-17.732766094747582
41.977238083212065,94.02707762544219,-17.70866478303757
42.91574039984365,93.85023166315834,-17.68459622838435
43.85247666043661,93.67362605929567,-17.660560386266503
44.78744926530834,93.49726048717343,-17.636557212223114
45.720660611513885,93.3211346205549,-17.61258666185369
46.65211309285035,93.14524813364672,-17.5886486908181
47.58180909986133,92.96960070109836,-17.56474325483646
48.509751019841346,92.79419199800147,-17.540870309689083
49.435941236840236,92.6190216998893,-17.51702981121637
50.3603821316676,92.44408948273612,-17.493221715318757
51.283076081897164,92.26939502295656,-17.469445977956596
52.20402546187121,92.09493799740505,-17.44570255515012
53.12323264270496,91.92071808337526,-17.421991402979312
54.04069999229095,91.74673495859942,-17.398312477583865
54.95642987530343,91.57298830124779,-17.37466573516308
55.87042465320271,91.39947778992803,-17.351051131975794
56.78268668423956,91.22620310368463,-17.32746862434028
57.69321832345954,91.05316392199828,-17.303918168634194
58.602021922707394,90.88035992478534,-17.280399721294476
59.509099830631364,90.70779079239716,-17.256913238817276
60.41445439268756,90.53545620561958,-17.23345867775787
61.318087951144285,90.36335584567227,-17.210035994730582
62.22000284508637,90.19148939420819,-17.1866451464087
63.1202014104195,90.01985653331295,-17.163286089524412
64.01868597987453,89.84845694550425,-17.139958780868696
64.91545888301185,89.67729031373133,-17.116663177291265
65.81052244622559,89.50635632137433,-17.09339923570048
66.70387899274803,89.33565465224369,-17.07016691306327
67.59553084265383,89.16518499057963,-17.04696616640505
68.48548031286434,88.99494702105153,-17.02379695280964
69.37372971715192,88.82494042875734,-17.0006592294192
70.26028136614414,88.655164899223,-16.977552953434127
71.14513756732816,88.48562011840187,-16.954478082112995
72.02830062505491,88.31630577267414,-16.931434572772474
72.90977284054337,88.14722154884628,-16.908422382787233
73.78955651188487,87.97836713415037,-16.885441469589892
74.66765393404731,87.80974221624366,-16.862491790670916
75.54406739887939,87.64134648320788,-16.839573303578543
76.41879919511487,87.4731796235487,-16.816685965918715
77.29185160837682,87.30524132619516,-16.793829735355
78.1632269211818,87.13753128049908,-16.77100456960849
79.03292741294415,86.9700491762345,-16.748210426457753
79.90095535998012,86.80279470359712,-16.725447263738737
80.76731303551216,86.63576755320366,-16.7027150393447
81.63200270967307,86.4689674160914,-16.680013711226124
82.49502664951025,86.3023939837175,-16.65734323739065
83.35638711898983,86.13604694795846,-16.63470357590298
84.21608637900093,85.96992600110961,-16.612094684884827
85.07412668735977,85.80403083588446,-16.589516522514813
85.93051029881391,85.63836114541418,-16.5669690470284
86.78523946504639,85.472916623247,-16.544452216717822
87.63831643467987,85.30769696334768,-16.521965989931992
88.48974345328084,85.14270186009692,-16.499510325076436
89.33952276336375,84.9779310082908,-16.477085180613212
90.18765660439514,84.81338410314018,-16.454690515060836
91.03414721279785,84.64906084027024,-16.432326286994194
91.87899682195504,84.4849609157198,-16.40999245504449
92.72220766221444,84.3210840259408,-16.387688977899142
93.56378196089243,84.15742986779779,-16.36541581430172
94.4037219422781,83.99399813856726,-16.34317292305187
95.24202982763747,83.83078853593722,-16.320960263005233
96.07870783521753,83.66780075800648,-16.29877779307337
96.91375818025037,83.50503450328424,-16.276625472223692
97.74718307495726,83.34248947068944,-16.254503259479375
98.57898472855277,83.18016535955024,-16.232411113919287
99.4091653472488,83.01806186960347,-16.21034899467791
100.23772713425875,82.85617870099402,-16.18831686094529
101.06467228980149,82.69451555427435,-16.1663146719669
101.89000301110553,82.53307213040391,-16.144342387043643
102.71372149241301,82.37184813074859,-16.122399965531717
103.53582992498382,82.21084325708016,-16.100487366842565
104.35633049709958,82.05005721157573,-16.078604550442794
105.17522539406775,81.8894896968172,-16.056751475854107
105.99251679822567,81.72914041579067,-16.03492810265321
106.80820688894453,81.56900907188594,-16.013134390471773
107.62229784263349,81.40909536889598,-15.991370298996308
108.43479183274366,81.2493990110163,-15.96963578796813
109.2456910297721,81.08991970284445,-15.94793081718327
110.0549976012659,80.93065714937953,-15.9262553464924
110.86271371182612,80.77161105602151,-15.904609335800771
111.66884152311182,80.61278112857083,-15.882992745068108
112.4733831938441,80.45416707322775,-15.861405534308577
113.27634087981002,80.29576859659184,-15.839847663590678
114.07771673386664,80.13758540566147,-15.818319093037186
114.87751290594497,79.97961720783321,-15.796819782825075
115.67573154305398,79.82186371090135,-15.775349693185444
116.47237478928456,79.66432462305733,-15.753908784403446
117.26744478581345,79.50699965288915,-15.732497016818215
118.06094367090726,79.34988850938092,-15.711114350822776
118.85287357992638,79.19299090191228,-15.689760746864
119.64323664532895,79.03630654025785,-15.668436165442508
120.43203499667482,78.87983513458673,-15.647140567112608
121.21927076062943,78.7235763954619,-15.62587391248222
122.00494606096782,78.56753003383977,-15.60463616221281
122.78906301857852,78.41169576106958,-15.5834272770193
123.57162375146744,78.25607328889288,-15.562247217670013
124.35263037476187,78.10066232944301,-15.541095944986587
125.13208500071431,77.94546259524458,-15.519973419843918
125.90998973870644,77.79047379921288,-15.49887960317007
126.68634669525298,77.63569565465342,-15.47781445594622
127.46115797400559,77.48112787526135,-15.456777939206564
128.2344256757568,77.32677017512097,-15.435770014038273
129.00615189844385,77.17262226870515,-15.41479064158139
129.7763387371526,77.01868387087487,-15.393839783028792
130.5449882841214,76.86495469687861,-15.372917399626086
131.3121026287449,76.7114344623519,-15.35202345267156
132.07768385757805,76.55812288331674,-15.331157903516097
132.84173405433987,76.40501967618111,-15.310320713563112
133.60425529991724,76.25212455773843,-15.289511844268482
134.36524967236892,76.09943724516702,-15.268731257140463
135.1247192469292,75.94695745602962,-15.247978913739633
135.88266609601195,75.79468490827283,-15.227254775678812
136.6390922892142,75.6426193202266,-15.206558804622993
137.39399989332023,75.49076041060371,-15.185890962289278
138.14739097230523,75.33910789849925,-15.165251210446794
138.89926758733912,75.18766150339009,-15.14463951091663
139.64963179679046,75.03642094513437,-15.124055825571762
140.39848565623018,74.885385943971,-15.103500116336992
141.14583121843538,74.73455622051911,-15.082972345188875
141.89167053339315,74.58393149577755,-15.062472474155634
142.6360056483044,74.43351149112438,-15.042000465317109
143.37883860758757,74.28329592831633,-15.021556280804681
144.12017145288246,74.13328452948832,-15.001139882801187
144.860006223054,73.98347701715291,-14.980751233540875
145.598344954196,73.83387311419982,-14.96039029530932
146.33518967963494,73.68447254389538,-14.940057030443356
147.07054242993377,73.53527502988207,-14.919751401330998
147.80440523289553,73.38628029617796,-14.899473370411393
148.5367801135673,73.23748806717622,-14.879222900174732
149.26766909424373,73.08889806764459,-14.85899995316219
149.99707419447097,72.94051002272494,-14.838804491965849
150.7249974310503,72.79232365793266,-14.818636479228637
151.45144081804187,72.64433869915621,-14.79849587764426
152.17640636676845,72.49655487265663,-14.778382649957116
152.8998960858191,72.348971905067,-14.758296758962253
153.62191198105302,72.20158952339195,-14.738238167505276
154.3424560556031,72.05440745500712,-14.718206838482292
155.06153030987969,71.90742542765872,-14.698202734839839
155.77913674157432,71.76064316946298,-14.67822581957481
156.49527734566337,71.61406040890563,-14.658276055734394
157.20995411441177,71.46767687484147,-14.638353406416002
157.9231690373767,71.3214922964938,-14.618457834767206
158.63492410141126,71.17550640345395,-14.598589303985658
159.34522129066806,71.02971892568075,-14.578747777319041
160.05406258660307,70.8841295935001,-14.558933218064976
160.7614499679791,70.7387381376044,-14.539145589570975
161.4673854108696,70.59354428905206,-14.519384855234364
162.17187088866228,70.44854777926705,-14.499650978502224
162.87490837206266,70.30374834003833,-14.479943922871303
163.57649982909786,70.15914570351944,-14.46026365188797
164.27664722512014,70.01473960222796,-14.44061012914814
164.9753525228106,69.87052976904499,-14.42098331829721
165.67261768218273,69.7265159372147,-14.401383183029981
166.36844466058616,69.5826978403438,-14.381809687090598
167.06283541271017,69.43907521240108,-14.362262794272489
167.75579189058735,69.2956477877169,-14.34274246841828
168.44731604359717,69.15241530098271,-14.323248673419755
169.13740981846968,69.00937748725053,-14.303781373217763
169.826075159289,68.86653408193251,-14.284340531802169
170.513314007497,68.7238848208004,-14.264926113211775
171.19912830189685,68.58142943998504,-14.245538081534264
171.8835199786566,68.43916767597598,-14.226176400906127
172.56649097131282,68.29709926562086,-14.2068410355126
173.24804321077406,68.15522394612498,-14.187531949587594
173.92817862532456,68.01354145505084,-14.16824910741363
174.60689914062775,67.87205153031762,-14.14899247332178
175.28420667972975,67.7307539102007,-14.12976201169159
175.96010316306305,67.5896483333312,-14.110557686951019
176.63459050845,67.44873453869543,-14.091379463576377
177.30767063110636,67.30801226563452,-14.072227306092252
177.9793454436448,67.1674812538438,-14.05310117907145
178.64961685607852,67.02714124337245,-14.034001047134929
179.31848677582477,66.88699197462294,-14.014926874951726
179.98595710770826,66.74703318835056,-13.995878627238902
180.65202975396488,66.60726462566294,-13.976856268761477
181.31670661424508,66.46768602801961,-13.957859764332351
181.9799895856174,66.32829713723149,-13.93888907881226
182.641880562572,66.18909769546039,-13.91994417710968
183.3023814370242,66.05008744521858,-13.901025024180804
183.96149409831787,65.91126612936829,-13.882131585029438
184.6192204332291,65.77263349112121,-13.863263824706962
185.27556232596947,65.63418927403809,-13.84442170831225
185.93052165818975,65.49593322202817,-13.825605200991614
186.58410030898324,65.35786507934878,-13.806814267938737
187.23630015488928,65.21998459060484,-13.788048874394612
187.88712306989677,65.08229150074837,-13.769308985647466
188.53657092544756,64.94478555507804,-13.750594567032714
189.18464559043994,64.80746649923871,-13.731905583932878
189.83134893123216,64.67033407922094,-13.71324200177753
190.47668281164576,64.53338804136051,-13.694603786043235
191.12064909296913,64.39662813233798,-13.675990902253474
191.76324963396092,64.26005409917819,-13.657403315978584
192.4044862908534,64.12366568924983,-13.638840992835707
193.04436091735607,63.987462650264945,-13.620303898488704
193.68287536465886,63.851444730278466,-13.60179199864811
194.32003148143573,63.715611677687754,-13.583305259071068
194.95583111384806,63.57996324123214,-13.564843645561254
195.59027610554799,63.444499169992454,-13.546407123968827
196.2233682976819,63.30921921339055,-13.527995660190356
196.8551095288938,63.17412312118886,-13.509609220168763
197.4855016353287,63.03921064348993,-13.491247769893263
198.11454645063606,62.904481530735936,-13.47291127539929
198.74224580597314,62.76993553370825,-13.454599702768444
199.36860153000842,62.635572403526965,-13.436313018128423
199.9936154489249,62.501391891650435,-13.418051187652964
200.61728938642366,62.367393749874815,-13.39981417756178
201.239625163727,62.23357773033361,-13.381601954120487
201.86062459958197,62.0999435854972,-13.363414483640561
202.4802895102637,61.96649106817241,-13.345251732479266
203.0986217095787,61.833219931502015,-13.327113667039587
203.71562300886836,61.700129928964316,-13.309000253770165
204.3312952170121,61.56722081437266,-13.290911459165258
204.94564014043084,61.434492341875014,-13.272847249764645
205.55865958309036,61.30194426595348,-13.2548075921536
206.1703553465046,61.169576341423856,-13.236792452962803
206.78072922973897,61.037388323435174,-13.21880179886828
207.38978302941365,60.90537996746926,-13.200835596591368
207.99751853970704,60.773551029340275,-13.182893812898616
208.60393755235899,60.64190126519426,-13.164976414601753
209.20904185667408,60.51043043150868,-13.147083368557613
209.812833239525,60.379138285092,-13.12921464166807
210.41531348535582,60.2480245830832,-13.111370200879996
211.01648437618533,60.117089082951345,-13.093550013185173
211.6163476916103,59.986331542495144,-13.07575404562025
212.21490520880872,59.85575171984248,-13.057982265266684
212.81215870254323,59.72534937344997,-13.04023463925067
213.40810994516426,59.595124262102544,-13.02251113474308
214.00276070661337,59.46507614491295,-13.004811718959406
214.5961127544266,59.33520478132135,-12.987136359159699
215.18816785373755,59.205509931094866,-12.96948502264851
215.77892776728083,59.075991354327115,-12.951857676774829
216.3683942553952,58.9466488114378,-12.934254288932017
216.95656907602694,58.81748206317222,-12.916674826557756
217.54345398473293,58.68849087060088,-12.89911925713399
218.1290507346841,58.55967499511901,-12.881587548186848
218.71336107666858,58.43103419844614,-12.864079667286607
219.29638675909484,58.30256824262567,-12.846595582047609
219.8781295279951,58.17427689002439,-12.829135260128226
220.45859112702843,58.04615990333208,-12.811698669230775
221.03777329748405,57.918217045561065,-12.794285777101477
221.61567777828452,57.79044808004576,-12.776896551530388
222.19230630598895,57.66285277044225,-12.759530960351341
222.76766061479623,57.53543088072783,-12.742188971441887
223.34174243654823,57.4081821752006,-12.724870552723242
223.914553500733,57.281106418479,-12.707575672160214
224.48609553448802,57.15420337550139,-12.690304297761156
225.05637026260328,57.02747281152561,-12.673056397577897
225.62537940752458,56.90091449212856,-12.655831939705692
226.19312468935664,56.774528183205724,-12.63863089228316
226.75960782586634,56.6483136509708,-12.621453223492225
227.3248305324859,56.52227066195522,-12.604298901558046
227.88879452231598,56.39639898300773,-12.587167894748983
228.45150150612892,56.27069838129396,-12.570060171376513
229.01295319237187,56.14516862429601,-12.552975699795187
229.57315128717,56.01980947981199,-12.535914448402568
230.13209749432954,55.8946207159556,-12.518876385639167
230.6897935153411,55.76960210115571,-12.501861479988388
231.24624104938266,55.64475340415595,-12.484869699976478
231.8014417933228,55.52007439401422,-12.467901014172451
232.35539744172382,55.395564840102345,-12.45095539118805
232.90810968684488,55.27122451210557,-12.43403279967767
233.4595802186451,55.14705318002218,-12.417133208338317
234.00981072478675,55.02305061416309,-12.400256585909535
234.55880289063825,54.89921658515136,-12.383402901173362
235.10655839927747,54.775550863921815,-12.366572122954263
235.6530789314947,54.65205322172062,-12.34976422011907
236.19836616579573,54.528723430104854,-12.332979161576937
236.74242177840515,54.405561260942065,-12.316216916279272
237.28524744326924,54.28256648640987,-12.29947745321968
237.8268448320592,54.15973887899553,-12.282760741433911
238.36721561417417,54.03707821149553,-12.2660667499998
238.90636145674432,53.914584257015164,-12.249395448037205
239.44428402463402,53.79225678896808,-12.23274680470796
239.9809849804448,53.67009558107593,-12.216120789215807
240.51646598451848,53.54810040736786,-12.199517370806355
241.0507286949403,53.42627104218019,-12.182936518766997
241.58377476754185,53.30460726015592,-12.166378202426879
242.1156058559043,53.18310883624435,-12.149842391156831
242.6462236113613,53.061775545700655,-12.133329054369316
243.17562968300217,52.94060716408547,-12.11683816151836
243.70382571767482,52.81960346726448,-12.100369682099513
244.2308133599889,52.69876423140798,-12.083923585649785
244.7565942523188,52.5780892329905,-12.067499841747583
245.2811700348067,52.45757824879038,-12.051098420012671
245.8045423453656,52.33723105588932,-12.034719290106096
246.3267128196823,52.217047431672015,-12.018362421730142
246.84768309122057,52.097027153825735,-12.002027784628272
247.36745479122396,51.97717000033988,-11.985715348585071
247.88602954871902,51.85747574950562,-11.969425083426195
248.4034089905182,51.73794417991544,-11.953156959018308
248.91959474122282,51.61857507046275,-11.936910945269027
249.43458842322624,51.49936820034148,-11.920687012126875
249.9483916567167,51.38032334904567,-11.904485129581213
250.4610060596804,51.261440296369045,-11.888305267662194
250.97243324790443,51.14271882240464,-11.872147396440702
251.4826748349799,51.02415870754436,-11.856011486028304
251.99173243230467,50.905759732478586,-11.839897506577184
252.49960764908664,50.78752167819579,-11.823805428280096
253.00630209234646,50.669444325982084,-11.807735221370303
253.51181736692067,50.55152745742087,-11.79168685612153
254.01615507546458,50.433770854392385,-11.7756603028479
254.5193168184553,50.316174299073346,-11.759655531903888
255.02130419419467,50.198737573936505,-11.743672513684256
255.52211879881216,50.08146046175027,-11.727711218624007
256.0217622262679,49.964342745578286,-11.711771617198327
256.5202360683557,49.84738420877906,-11.695853679922529
257.01754191470576,49.73058463500554,-11.679957377351997
257.5136813527878,49.61394380820472,-11.664082680082144
258.00865596791397,49.49746151261724,-11.648229558748337
258.50246734324173,49.38113753277698,-11.632397984025861
258.9951170597768,49.264971653510685,-11.616587926629851
259.4866066963762,49.14896365993753,-11.600799357315251
259.9769378297509,49.03311333746876,-11.58503224687675
260.466112034469,48.917420471807276,-11.56928656614873
260.95413088295845,48.801884848947225,-11.553562286005214
261.44099594551017,48.686506255173626,-11.537859377359814
261.92670879028077,48.57128447706197,-11.522177811165669
262.41127098329554,48.456219301477816,-11.506517558415402
262.8946840884513,48.3413105155764,-11.490878590141056
263.37694966751934,48.22655790680226,-11.475260877414051
263.85806928014824,48.11196126288881,-11.459664391345123
264.33804448386684,47.997520371857966,-11.44408910308427
264.81687683408705,47.88323502201976,-11.428534983820704
265.29456788410675,47.76910500197193,-11.413002004782793
265.77111918511275,47.65513010059955,-11.397490137238012
266.2465322861835,47.54131010707462,-11.381999352492887
266.72080873429206,47.427644810855696,-11.36652962189294
267.19395007430893,47.31413400168747,-11.351080916822642
267.66595784900494,47.20077746960042,-11.335653208705352
268.13683359905406,47.087575004910384,-11.320246469003273
268.60657886303625,46.97452639821821,-11.30486066921739
269.0751951774403,46.86163144040933,-11.28949578088743
269.54268407666683,46.74888992265341,-11.274151775591795
270.00904709303086,46.636301636403935,-11.258828624947515
270.47428575676486,46.52386637339783,-11.243526300610206
270.93840159602144,46.41158392565509,-11.228244774273993
271.4013961368762,46.299454085478374,-11.212984017671486
271.8632709033307,46.187476645452634,-11.197744002573708
272.32402741731516,46.075651398444734,-11.18252470079005
272.7836671986912,45.96397813760305,-11.167326084168218
273.2421917652548,45.852456656357106,-11.15214812459418
273.69960263273896,45.74108674841718,-11.136990793992119
274.1559013148167,45.62986820777394,-11.121854064324374
274.61108932310367,45.518800828698026,-11.106737907591388
275.06516816716106,45.40788440573971,-11.091642295831665
275.5181393544984,45.29711873372849,-11.076567201121708
275.9700043905761,45.18650360777273,-11.061512595575975
276.4207647788087,45.07603882325926,-11.046478451346823
276.8704220205672,44.96572417585302,-11.03146474062446
277.3189776151822,44.855559461496654,-11.016471435636888
277.7664330599463,44.74554447641015,-11.001498508649856
278.2127898501172,44.63567901709048,-10.986545931966809
278.6580494789203,44.52596288031119,-10.971613677928836
279.10221343755154,44.41639586312205,-10.956701718914616
279.54528321518,44.306977762848646,-10.94181002734037
279.9872602989509,44.19770837709205,-10.926938575659811
280.4281461739882,44.088587503728405,-10.912087336364088
280.86794232339724,43.97961494090859,-10.897256281981743
281.3066502282678,43.8707904870578,-10.88244538507865
281.74427136767656,43.762113940875224,-10.867654618257975
282.1808072186899,43.653585101333626,-10.852883954160117
282.6162592563667,43.545203767679,-10.83813336546266
283.05062895376096,43.4369697394302,-10.823402824880324
283.48391778192473,43.328882816378545,-10.808692305164916
283.9161272099106,43.220942798587494,-10.794001779105274
284.3472587047745,43.113149486392224,-10.779331219527222
284.7773137315785,43.00550268039929,-10.764680599293513
285.20629375339337,42.89800218148625,-10.750049891303789
285.6342002313014,42.7906477908013,-10.735439068494522
286.06103462439904,42.68343930976291,-10.720848103838968
286.4867983897996,42.57637654005944,-10.706276970347115
286.9114929826361,42.46945928364879,-10.69172564106564
287.33511985606367,42.36268734275801,-10.677194089077842
287.7576804612625,42.25606051988297,-10.662682287503612
288.1791762474404,42.14957861778798,-10.648190209499376
288.5996086618355,42.0432414395054,-10.633717828258035
289.0189791497188,41.93704878833531,-10.619265117008938
289.43728915439726,41.83100046784513,-10.604832049017805
289.85454011721595,41.72509628186926,-10.590418597586703
290.270733477561,41.61933603450872,-10.57602473605398
290.68587067286234,41.51371953013078,-10.561650437794219
291.09995313859605,41.408246573368594,-10.547295676218194
291.51298230828723,41.302916969120865,-10.53296042477282
291.9249596135127,41.19773052255145,-10.518644656941094
292.3358864839036,41.09268703908903,-10.504348346242057
292.7457643471479,40.98778632442672,-10.490071466230747
293.1545946289931,40.88302818452174,-10.475813990498134
293.56237875324905,40.77841242559503,-10.461575892671089
293.9691181417904,40.6739388541309,-10.447357146412322
294.37481421455914,40.5696072768767,-10.433157725420347
294.77946838956757,40.465417500842406,-10.418977603429422
295.18308208290057,40.36136933330031,-10.404816754209495
295.58565670871843,40.25746258178465,-10.390675151566178
295.98719367925935,40.153697054091246,-10.37655276934068
296.38769440484214,40.05007255827715,-10.36244958140976
296.78716029386874,39.946588902660295,-10.348365561685682
297.18559275282695,39.84324589581913,-10.334300684116172
297.58299318629287,39.74004334659229,-10.320254922684363
297.9793629969337,39.6369810640782,-10.306228251408744
298.37470358551,39.53405885763477,-10.292220644343125
298.7690163508788,39.431276536879004,-10.278232075576572
299.16230268999567,39.32863391168667,-10.264262519233373
299.55456399791757,39.226130792191945,-10.250311949472984
299.9458016678054,39.12376698878705,-10.236380340489976
300.33601709092665,39.02154231212191,-10.222467666514003
300.7252116566577,38.91945657310381,-10.208573901809737
301.11338675248663,38.81750958289704,-10.194699020676833
301.50054376401584,38.71570115292254,-10.180842997449869
301.8866840749644,38.61403109485756,-10.167005806498315
302.27180906717075,38.51249922063529,-10.15318742222647
302.65592012059517,38.41110534244456,-10.139387819073425
303.03901861332247,38.30984927272943,-10.12560697151301
303.42110592156433,38.20873082418889,-10.111844854053748
303.8021834196621,38.1077498097765,-10.09810144123881
304.18225248008906,38.00690604270004,-10.084376707645964
304.56131447345325,37.90619933642116,-10.070670627887534
304.9393707684998,37.80562950465506,-10.056983176610345
305.31642273211355,37.7051963613701,-10.043314328495688
305.6924717293214,37.60489972078751,-10.029664058259257
306.06751912329526,37.504739397380995,-10.016032340651114
306.44156627535403,37.404715205876435,-10.00241915045564
306.81461454496656,37.30482696125152,-9.98882446249149
307.18666528975393,37.205074478735405,-9.97524825161154
307.557719865492,37.10545757380838,-9.961690492702845
307.92777962611405,37.00597606220151,-9.948151160686592
308.296845923713,36.90662975989633,-9.934630230518056
308.66492010854427,36.807418483124465,-9.92112767718655
309.0320035290279,36.708342048367314,-9.907643475715378
309.3980975317515,36.60940027235569,-9.894177601161797
309.7632034614722,36.510592972069524,-9.880730028616952
310.12732266111954,36.411919964737464,-9.867300733205859
310.4904564717979,36.31338106783659,-9.853889690087328
310.85260623278884,36.21497609909205,-9.840496874453942
311.2137732815536,36.11670487647673,-9.827122261531997
311.5739589537357,36.01856721821092,-9.81376582658146
311.9331645831633,35.92056294276196,-9.80042754489592
312.29139150185176,35.82269186884393,-9.78710739180255
312.64864104000594,35.724953815417315,-9.773805342662055
313.00491452602284,35.62734860168863,-9.760521372868629
313.36021328649394,35.52987604711013,-9.74725545784991
313.71453864620776,35.43253597137946,-9.734007573066926
314.06789192815216,35.33532819443932,-9.720777694014068
314.4202744535169,35.23825253647713,-9.707565796219026
314.77168754169617,35.1413088179247,-9.694371855242753
315.1221325102907,35.04449685945791,-9.681195846679419
315.4716106751107,34.94781648199634,-9.668037746156362
315.8201233501777,34.851267506703,-9.65489752933405
316.16767184772755,34.754849754983944,-9.641775171906033
316.5142574782124,34.658563048487956,-9.628670649598888
316.8598815503035,34.56240720910623,-9.615583938172193
317.20454537089324,34.46638205897205,-9.602515013418465
317.54825024509785,34.37048742046042,-9.589463851163128
317.8909974762597,34.27472311618778,-9.576430427264459
318.23278836594983,34.179088969011644,-9.563414717613547
318.5736242139701,34.0835848020303,-9.55041669813425
318.9135063183559,33.98821043858247,-9.537436344783146
319.2524359753784,33.892965702246975,-9.524473633549498
319.5904144795468,33.79785041684242,-9.511528540455195
319.92744312361106,33.702864406426876,-9.498601041554721
320.26352319856403,33.60800749529753,-9.485691112935104
320.59865599364394,33.51327950799037,-9.47279873071587
320.93284279633673,33.41868026927988,-9.459923871049003
321.2660848923785,33.32420960417869,-9.447066510118907
321.5983835657579,33.229867337937264,-9.434226624142344
321.92974009871836,33.13565329604358,-9.421404189368406
322.2601557717606,33.041567304222795,-9.408599182078468
322.58963186364497,32.947609188436935,-9.395811578586137
322.91816965139384,32.85377877488456,-9.383041355237218
323.24577041029386,32.760075890000465,-9.37028848840966
323.5724354138984,32.66650036045533,-9.357552954513523
323.89816593403,32.57305201315542,-9.344834729990925
324.2229632407824,32.47973067524226,-9.332133791316007
324.5468286025233,32.386536174092306,-9.319450114994876
324.86976328589645,32.293468337316654,-9.306783677565583
325.19176855582407,32.20052699276067,-9.294134455598055
325.5128456755091,32.10771196850373,-9.281502425694075
325.83299590643765,32.015023092858854,-9.268887564487216
326.1522205083814,31.922460194372427,-9.256289848642819
326.4705207393996,31.830023101823848,-9.243709254857935
326.78789785584183,31.737711644225236,-9.231145759861286
327.10435311235005,31.645525650821103,-9.21859934041323
327.41988776186093,31.553464951088046,-9.206069973305699
327.7345030556083,31.461529374734425,-9.19355763536218
328.0482002431253,31.36971875170005,-9.181062303437656
328.36098057224683,31.27803291215586,-9.168583954418562
328.6728452891119,31.186471686503634,-9.156122565222752
328.98379563816565,31.095034905375638,-9.143678112799456
329.293832862162,31.003722399634345,-9.131250574129226
329.6029582021657,30.912534000372105,-9.118839926223902
329.9111728975548,30.82146953891084,-9.106446146126576
330.2184781860228,30.730528846801725,-9.094069210911528
330.5248753035811,30.639711755824884,-9.081709097684211
330.830365484561,30.549018097989073,-9.069365783581183
331.1349499616163,30.458447705531373,-9.057039245770088
331.4386299657255,30.368000410916878,-9.044729461449592
331.7414067261939,30.277676046838383,-9.032436407849357
332.04328147065604,30.187474446216083,-9.020160062229992
332.344255425078,30.097395442197254,-9.007900401883013
332.64432981375955,30.007438868155944,-8.995657404130798
332.9435058593365,29.91760455769268,-8.983431046326547
333.2417847827828,29.827892344634137,-8.971221305854243
333.53916780341314,29.73830206303285,-8.959028160128604
333.8356561388848,29.648833547166902,-8.946851586595049
334.1312510052002,29.559486631539606,-8.934691562729643
334.425953616709,29.470261150879214,-8.922548066039074
334.7197651861104,29.38115694013861,-8.910421074060597
335.01268692445535,29.29217383449499,-8.898310564362
335.30472004114887,29.203311669349574,-8.886216514541552
335.5958657439521,29.114570280327296,-8.874138902227978
335.8861252389849,29.025949503276493,-8.862077705080404
336.1754997307276,28.93744917426861,-8.850032900788321
336.4639904220236,28.849069129597897,-8.838004467071544
336.7515985140814,28.760809205781094,-8.82599238168017
337.038325206477,28.67266923955715,-8.813996622394532
337.32417169715586,28.584649067886897,-8.80201716702517
337.6091391824354,28.496748527952768,-8.79005399341278
337.893228857007,28.408967457158486,-8.778107079428173
338.1764419139383,28.321305693128764,-8.766176402972238
338.4587795446754,28.233763073709007,-8.754261941975903
338.74024293904506,28.146339436965008,-8.742363674400087
339.0208332852569,28.05903462118265,-8.730481578235663
339.3005517699056,27.971848464867616,-8.718615631503418
339.57939957797305,27.884780806745077,-8.706765812254018
339.85737789283064,27.7978314857594,-8.69493209856795
340.13448789624135,27.711000341073845,-8.683114468555504
340.41073076836204,27.62428721207028,-8.67131290035671
340.6861076877455,27.537691938348864,-8.65952737214132
340.9606198313428,27.451214359727775,-8.647757862108747
341.23426837450523,27.364854316242894,-8.636004348488042
341.5070544909867,27.278611648147518,-8.624266809537836
341.77897935294584,27.192486195912053,-8.612545223546322
342.0500441309481,27.106477800223743,-8.60083956883119
342.32024999396793,27.02058630198635,-8.58914982373961
342.58959810939115,26.934811542319867,-8.577475966648173
342.85808964301674,26.849153362560237,-8.565817975962863
343.1257257590593,26.763611604259047,-8.554175830119013
343.39250762015115,26.678186109183233,-8.542549507581265
343.6584363873443,26.5928767193148,-8.53093898684353
343.9235132201128,26.507683276850507,-8.519344246428952
344.1877392763548,26.42260562420161,-8.50776526488986
344.45111571239477,26.33764360399353,-8.496202020807738
344.71364368298543,26.2527970590656,-8.484654492793178
344.97532434131017,26.16806583247074,-8.473122659485842
345.2361588389849,26.083449767475198,-8.461606499554428
345.4961483260605,25.99894870755823,-8.450105991696624
345.7552939510246,25.91456249641184,-8.43862111463907
346.013596860804,25.830290977940468,-8.427151847137319
346.2710582007666,25.74613399626071,-8.415698167975801
346.52767911472364,25.662091395701033,-8.404260055967779
346.78346074493163,25.57816302080148,-8.39283748995531
347.03840423209476,25.494348716313386,-8.381430448809212
347.29251071536675,25.410648327199095,-8.370038911429019
347.54578133235304,25.327061698631667,-8.358662856742939
347.798217219113,25.243588675994587,-8.347302263707824
348.0498195101618,25.160229104881495,-8.335957111309128
348.3005893384728,25.076982831095886,-8.324627378560864
348.5505278354793,24.99384970065083,-8.313313044505566
348.79963613107697,24.91082955976869,-8.302014088214257
349.0479153536258,24.827922254880825,-8.290730488786402
349.29536662995207,24.745127632627327,-8.279462225349873
349.5419910853506,24.66244553985672,-8.268209277060912
349.7877898435869,24.579875823625677,-8.256971623104086
350.03276402689886,24.497418331198755,-8.245749242692261
350.2769147559993,24.41507291004809,-8.234542115066548
350.5202431500778,24.332839407853125,-8.223350219496275
350.7627503268028,24.250717672500336,-8.21217353527895
351.0044374023236,24.168707552082935,-8.201012041740212
351.24530549127263,24.086808894900596,-8.1898657182338
351.4853557067672,24.00502154945918,-8.17873454414152
351.72458916041194,23.923345364470446,-8.167618498873196
351.9630069623005,23.84178018885178,-8.156517561866636
352.20061022101777,23.760325871725904,-8.145431712587602
352.43740004364196,23.678982262420607,-8.134360930529756
352.6733775357466,23.59774921046846,-8.123305195214634
352.9085438014027,23.516626565606543,-8.112264486191611
353.14289994318045,23.435614177776166,-8.101238783037848
353.37644706215167,23.354711897122584,-8.09022806535827
353.6091862578916,23.27391957399473,-8.07923231278552
353.84111862848107,23.19323705894493,-8.06825150497992
354.07224527050835,23.112664202728634,-8.057285621629442
354.3025672790714,23.032200856304136,-8.04633464244966
354.5320857477797,22.9518468708323,-8.035398547183721
354.7608017687565,22.871602097676277,-8.0244773156023
354.9887164326405,22.79146638840124,-8.013570927503574
355.21583082858825,22.71143959477411,-8.002679362713167
355.4421460442759,22.63152156876327,-7.991802601084128
355.6676631659013,22.5517121625383,-7.980940622496892
355.89238327818595,22.472011228469707,-7.970093406859231
356.11630746437726,22.392418619128645,-7.959260934106233
356.33943680625015,22.312934187286643,-7.948443184200251
356.5617723841093,22.233557785915334,-7.937640137130877
356.78331527679114,22.154289268186186,-7.9268517729148975
357.00406656166587,22.075128487470224,-7.9160780715962575
357.2240273146392,21.996075297337764,-7.905319013246029
357.4431986101548,21.91712955155814,-7.8945745779623655
357.6615815211958,21.838291104099437,-7.883844745870474
357.8791771192871,21.75955980912821,-7.873129497122571
358.0959864744972,21.680935521009232,-7.862428811897852
358.31201065544025,21.602418094305207,-7.85174267040245
358.527250729278,21.524007383776514,-7.841071052869399
358.74170776172184,21.445703244380926,-7.830413939558602
358.95538281703455,21.36750553127336,-7.819771310756789
359.1682769580326,21.289414099805583,-7.809143146777488
359.38039124608787,21.211428805525973,-7.798529427960976
359.59172674112966,21.13354950417923,-7.787930134674257
359.80228450164674,21.05577605170612,-7.7773452473110165
360.0120655846892,20.978108304243204,-7.766774746291586
360.2210710458704,20.900546118122573,-7.756218612062911
360.4293019393691,20.823089349871587,-7.745676825098512
360.63675931793125,20.745737856212603,-7.735149365898447
360.8434442328719,20.66849149406271,-7.72463621498928
361.0493577340772,20.59135012053347,-7.714137352924039
361.2545008700065,20.514313592930648,-7.7036527602821865
361.45887468769405,20.43738176875395,-7.6931824176695764
361.662480232751,20.36055450569677,-7.682726305718425
361.8653185493675,20.283831661645895,-7.672284405087272
362.0673906803143,20.207213094681286,-7.661856696460941
362.26869766694506,20.13069866307578,-7.651443160550513
362.469240549198,20.054288225294847,-7.641043778093282
362.66902036559793,19.97798163999632,-7.630658529852724
362.8680381532582,19.901778766030134,-7.62028739661846
363.0662949478826,19.82567946243807,-7.609930359206221
363.26379178376715,19.749683588453493,-7.599587398457809
363.46052969380213,19.673791003501083,-7.589258495241069
363.6565097094741,19.598001567196587,-7.578943630449847
363.85173286086757,19.522315139346546,-7.5686427850039575
364.04620017666707,19.446731579948054,-7.558355939849147
364.239912684159,19.371250749188484,-7.54808307595706
364.4328714092334,19.29587250744523,-7.537824174325204
364.6250773763863,19.220596715285463,-7.527579215976912
364.81653160872094,19.14542323346585,-7.517348181961308
365.00723512795025,19.070351922932314,-7.507131053353278
365.1971889543984,18.99538264481978,-7.496927811253423
365.38639410700296,18.9205152604519,-7.486738436788036
365.57485160331635,18.84574963134081,-7.47656291110906
365.7625624595082,18.771085619186866,-7.466401215394055
365.949527690367,18.696523085878404,-7.456253330846164
366.1357483093019,18.622061893491463,-7.446119238694077
366.3212253283448,18.547701904289543,-7.435998920191999
366.505959758152,18.47344298072335,-7.42589235661961
366.6899526080063,18.399284985430526,-7.415799529282033
366.87320488581867,18.325227781235427,-7.405720419509805
367.0557175981302,18.251271231148838,-7.3956550086588315
367.23749175011386,18.177415198367733,-7.385603278110363
367.4185283455766,18.103659546275022,-7.3755652092709525
367.598828386961,18.0300041384393,-7.365540783572424
367.7783928753471,17.95644883861458,-7.35552998247184
367.9572228104545,17.882993510740064,-7.345532787451463
368.1353191906439,17.80963801893988,-7.335549180018726
368.31268301291914,17.736382227522817,-7.325579141706195
368.48931527292893,17.663226000982103,-7.315622654071537
368.66521696496886,17.590169203995128,-7.305679698697482
368.8403890819831,17.51721170142321,-7.295750257191794
369.0148326155662,17.44435335831134,-7.285834311187235
369.1885485559651,17.371594039887924,-7.275931842341528
369.3615378920807,17.29893361156455,-7.266042832337328
369.5338016114701,17.226371938935728,-7.256167262882185
369.7053407003479,17.15390888777864,-7.246305115708511
369.87615614358845,17.081544324052906,-7.236456372573547
370.0462489247274,17.00927811390031,-7.226621015259327
370.21562002596386,16.937110123644587,-7.216799025572648
370.38427042816176,16.865040219791137,-7.206990385345031
370.552201110852,16.79306826902681,-7.197195076432693
370.71941305223424,16.721194138219648,-7.18741308071651
370.88590722917843,16.649417694418627,-7.177644380101986
371.05168461722695,16.577738804853436,-7.167888956519214
371.21674619059627,16.50615733693421,-7.15814679192285
371.38109292217877,16.43467315825129,-7.148417868292077
371.5447257835445,16.363286136574985,-7.138702167630566
371.707645744943,16.29199613985532,-7.128999671966453
371.8698537753052,16.2208030362218,-7.119310363352296
372.03135084224505,16.14970669398315,-7.10963422386505
372.1921379120613,16.07870698162709,-7.099971235606025
372.3522159497395,16.007803767820082,-7.090321380700864
372.5115859189536,15.936996921407086,-7.080684641299499
372.6702487820677,15.866286311411326,-7.071060999576122
372.82820550013804,15.795671807034035,-7.061450437729159
372.9854570329146,15.725153277654222,-7.051852937981224
373.14200433884287,15.65473059282843,-7.042268482579097
373.29784837506577,15.584403622290493,-7.032697053793683
373.4529900974253,15.514172235951293,-7.023138633919991
373.6074304604643,15.444036303898521,-7.013593205277084
373.7611704174283,15.37399569639644,-7.004060750208064
373.9142109202671,15.30405028388564,-6.994541251080026
374.06655291963693,15.234199936982801,-6.985034690284033
374.21819736490176,15.16444452648045,-6.975541050235081
374.36914520413524,15.094783923346728,-6.966060313372065
374.5193973841225,15.02521799872515,-6.956592462157747
374.66895485036184,14.955746623934363,-6.94713747907873
374.8178185470665,14.886369670467909,-6.937695346645415
374.96598941716644,14.817087009993989,-6.9282660473919755
375.11346840231,14.747898514355226,-6.918849563876323
375.2602564428657,14.678804055568426,-6.909445878680076
375.4063544779239,14.60980350582434,-6.900054974408527
375.5517634452988,14.540896737487435,-6.89067683369061
375.6964842815297,14.472083623095646,-6.881311439178868
375.8405179218833,14.403364035360152,-6.871958773549422
375.983865300355,14.334737847165133,-6.8626188195019395
376.12652734967065,14.266204931567538,-6.853291559759603
376.26850500128864,14.197765161796847,-6.843976977069071
376.4097991854012,14.129418411254843,-6.834675054200456
376.55041083093636,14.06116455351537,-6.825385773947291
376.6903408655596,13.993003462324106,-6.816109119126488
376.8295902156756,13.924935011598322,-6.806845072578319
376.96815980642987,13.856959075426659,-6.797593617166375
377.10605056171056,13.789075528068883,-6.788354735777539
377.2432634041501,13.721284243955663,-6.779128411321954
377.379799255127,13.653585097688334,-6.769914626732991
377.5156590347674,13.585977964038662,-6.760713364967213
377.6508436619469,13.51846271794862,-6.751524609004351
377.7853540542922,13.451039234530146,-6.7423483418472685
377.9191911281829,13.383707389064927,-6.73318454652193
378.05235579875296,13.316467057004154,-6.724033206077371
378.18484897989265,13.249318113968297,-6.7148943035856625
378.3166715842501,13.182260435746878,-6.705767822141888
378.4478245232331,13.115293898298237,-6.6966537448641015
378.5783087070106,13.048418377749304,-6.687552054893307
378.70812504451453,12.98163375039537,-6.678462735393419
378.8372744434415,12.914939892699858,-6.669385769551237
378.96575781025444,12.848336681294093,-6.660321140576409
379.0935760501842,12.78182399297708,-6.6512688317014055
379.22073006723133,12.715401704715264,-6.642228826181487
379.34722076416773,12.649069693642318,-6.633201107294671
379.4730490425383,12.5828278370589,-6.624185658341702
379.59821580266265,12.51667601243244,-6.615182462646024
379.7227219436366,12.450614097396903,-6.606191503553743
379.84656836333414,12.384641969752566,-6.597212764433603
379.9697559584088,12.318759507465797,-6.588246228676951
380.0922856242955,12.252966588668821,-6.579291879697706
380.2141582552121,12.187263091659498,-6.570349700932335
380.33537474416113,12.1216488949011,-6.56141967583981
380.45593598293135,12.056123877022083,-6.552501787901589
380.57584286209953,11.990687916815867,-6.54359602062158
380.69509627103196,11.925340893240605,-6.534702357526112
380.8136970978861,11.860082685418966,-6.525820782163904
380.9316462296125,11.794913172637905,-6.516951278106034
381.04894455195597,11.729832234348446,-6.508093828945908
381.1655929494576,11.664839750165454,-6.499248418299235
381.2815923054563,11.599935599867415,-6.490415029803987
381.39694350209027,11.53511966339621,-6.4815936471203806
381.51164742029886,11.470391820856902,-6.472784253930833
381.625704939824,11.405751952517502,-6.463986833939945
381.73911693921207,11.341199938808757,-6.455201370874464
381.8518842958153,11.276735660323924,-6.446427848483253
381.9640078857935,11.212358997818551,-6.437666250537266
382.0754885841156,11.148069832210256,-6.428916560829511
382.1863272645614,11.083868044578505,-6.420178763175025
382.29652479972304,11.019753516164396,-6.411452841410844
382.40608206100677,10.955726128370436,-6.402738779395968
382.5149999186344,10.891785762760323,-6.39403656101134
382.623279241645,10.827932301058725,-6.385346170159806
382.7309208978965,10.764165625151064,-6.376667590766096
382.8379257540673,10.700485617083295,-6.368000806776782
382.94429467565794,10.636892159061693,-6.359345802160259
383.0500285269925,10.573385133452627,-6.350702560906711
383.1551281712203,10.509964422782346,-6.342071067028081
383.25959447031767,10.446629909736766,-6.33345130455804
383.3634282850893,10.383381477161246,-6.324843257551963
383.4666304751699,10.320219008060377,-6.316246910086894
383.56920189902587,10.257142385597762,-6.307662246261518
383.6711434139568,10.1941514930958,-6.299089250196134
383.7724558760972,10.131246214035475,-6.290527906032623
383.8731401404177,10.06842643205613,-6.281978197934418
383.9731970607273,10.005692030955265,-6.273440110086478
384.0726274896742,9.943042894688313,-6.264913626695254
384.1714322787479,9.880478907368426,-6.256398731988668
384.26961227828053,9.817999953266265,-6.247895410216072
384.3671683374486,9.755605916809783,-6.239403645648231
384.46410130427444,9.69329668258401,-6.230923422577285
384.5604120256277,9.631072135330843,-6.222454725316723
384.6561013472272,9.56893215994883,-6.213997538201356
384.75117011364216,9.506876641492957,-6.205551845587285
384.8456191682939,9.444905465174438,-6.197117631851874
384.9394493534575,9.3830185163605,-6.188694881393719
385.03266151026327,9.321215680574175,-6.180283578632621
385.1252564786982,9.25949684349408,-6.171883708009559
385.2172350976077,9.197861890954213,-6.163495253986655
385.30859820469715,9.136310708943741,-6.155118201047151
385.3993466365332,9.074843183606788,-6.14675253369538
385.4894812285456,9.01345920124222,-6.138398236456734
385.5790028150287,8.952158648303444,-6.130055293877636
385.66791222914264,8.890941411398188,-6.121723690525514
385.7562103029155,8.8298073772883,-6.113403410988774
385.84389786724444,8.768756432889534,-6.105094439876762
385.93097575189717,8.707788465271337,-6.096796761819748
386.0174447855137,8.646903361656648,-6.088510361468889
386.1033057956079,8.586101009421686,-6.080235223496202
386.1885596085689,8.525381296095741,-6.071971332594539
386.2732070496625,8.464744109360966,-6.063718673477557
386.357248943033,8.40418933705217,-6.055477230879687
386.4406861117046,8.343716867156608,-6.047246989556109
386.5235193775828,8.28332658781378,-6.039027934282723
386.6057495614559,8.22301838731522,-6.030820049856122
386.68737748299696,8.162792154104284,-6.022623321093561
386.7684039607647,8.102647776775955,-6.0144377328329295
386.8488298122055,8.042585144076627,-6.006263269932727
386.92865585365456,7.982604144903907,-5.998099917272031
387.0078829003376,7.922704668306403,-5.98994765975047
387.08651176637244,7.8628866034835205,-5.981806482288197
387.1645432647703,7.803149839785262,-5.97367636982586
387.24197820743746,7.743494266712016,-5.965557307324574
387.3188174051766,7.683919773914357,-5.957449279765897
387.39506166768854,7.624426251192839,-5.949352272151796
387.4707118035735,7.565013588497792,-5.941266269504624
387.5457686203328,7.505681675929122,-5.933191256867089
387.62023292437016,7.446430403736099,-5.925127219302231
387.69410552099333,7.387259662317165,-5.917074141893389
387.7673872144155,7.328169342219724,-5.909032009744175
387.8400788077569,7.269159334139939,-5.901000807978452
387.9121811030461,7.210229528922536,-5.892980521740296
387.9836949012217,7.1513798175605965,-5.884971136193978
388.0546210021337,7.092610091195358,-5.876972636523931
388.12496020454483,7.03392024111601,-5.868985007934726
388.1947133061324,6.975310158759499,-5.861008235651042
388.26388110348955,6.916779735710323,-5.853042304917639
388.33246439212655,6.858328863700329,-5.845087200999333
388.4004639664726,6.79995743460852,-5.837142909180967
388.46788061987723,6.741665340460846,-5.829209414767383
388.53471514461154,6.6834524734300125,-5.821286703083396
388.60096833186986,6.625318725835275,-5.813374759473767
388.6666409717713,6.5672639901422425,-5.805473569303176
388.73173385336094,6.509288158962681,-5.797583117956193
388.79624776461145,6.451391125054308,-5.789703390837254
388.86018349242465,6.393572781320602,-5.781834373370631
388.9235418226328,6.335833020810598,-5.773976051000409
388.98632353999994,6.2781717367186936,-5.766128409190452
389.0485294282238,6.22058882238445,-5.758291433424385
389.1101602699367,6.163084171292394,-5.75046510920556
389.17121684670747,6.105657677071823,-5.742649422057035
389.2316999390424,6.048309233496608,-5.73484435752154
389.2916103263873,5.991038734484994,-5.727049901161458
389.3509487871283,5.933846074099407,-5.719266038558794
389.4097160985938,5.8767311465462555,-5.711492755315147
389.46791303705555,5.819693846175738,-5.703730037051688
389.52554037773035,5.762734067481647,-5.69597786940913
389.58259889478137,5.70585170510117,-5.6882362380477005
389.6390893613195,5.6490466538146995,-5.680505128647121
389.69501254940496,5.592318808545634,-5.672784526906572
389.7503692300486,5.535668064360187,-5.6650744185446715
389.80516017321327,5.479094316467192,-5.657374789299451
389.8593861478154,5.422597460217909,-5.649685624928322
389.9130479217265,5.366177391105828,-5.642006911208057
389.96614626177416,5.309834004766481,-5.634338633934758
390.01868193374395,5.253567196977243,-5.626680778923832
390.0706557023805,5.197376863657143,-5.619033332009965
390.1220683313892,5.141262900866672,-5.6113962790470975
390.17292058343725,5.085225204807588,-5.6037696059083935
390.22321322015546,5.029263671822726,-5.596153298486219
390.2729470021394,4.973378198395805,-5.588547342692114
390.3221226889509,4.917568681151237,-5.580951724456767
390.3707410391195,4.861835016853937,-5.573366429729989
390.4188028101436,4.80617710240913,-5.565791444480686
390.4663087584922,4.750594834862162,-5.558226754696835
390.51325963960613,4.695088111398308,-5.550672346385456
390.55965620789954,4.639656829342582,-5.5431282055725895
390.60549921676113,4.584300886159549,-5.535594318303268
390.6507894185557,4.529020179453134,-5.5280706706414895
390.69552756462537,4.473814606966433,-5.520557248670194
390.7397144052912,4.418684066581521,-5.513054038491236
390.7833506898544,4.363628456319267,-5.505561026225361
390.82643716659777,4.308647674339145,-5.498078198012177
390.8689745827872,4.253741618939044,-5.490605540010131
390.91096368467277,4.198910188555079,-5.483143038396482
390.95240521749037,4.144153281761406,-5.4756906793672755
390.9932999254631,4.0894707972700335,-5.46824844913732
391.0336485518024,4.034862633930632,-5.460816333940159
391.07345183870973,3.9803286907303517,-5.453394320028048
391.11271052737766,3.9258688667936323,-5.445982393671925
391.15142535799146,3.8714830613820186,-5.43858054116139
391.1895970697304,3.8171711738939718,-5.431188748804676
391.22722640076904,3.7629331038646856,-5.423807002928625
391.2643140882787,3.708768750965899,-5.416435289878665
391.30086086842874,3.654678015005711,-5.4090735960187795
391.336867476388,3.600660795928396,-5.401721907731487
391.3723346463262,3.546716993814218,-5.394380211417812
391.407263111415,3.4928465088792455,-5.387048493497266
391.4416536038297,3.439049241475167,-5.379726740407814
391.4755068547506,3.3853250920891087,-5.372414938605856
391.50882359436406,3.3316739613434465,-5.3651130745661995
391.541604551864,3.278095749995626,-5.357821134782034
391.5738504554534,3.224590358937977,-5.350539105764906
391.60556203234535,3.17115768919753,-5.343266974044696
391.6367400087647,3.117797641935834,-5.336004726169594
391.6673851099492,3.0645101184487737,-5.328752348706067
391.69749806015085,3.011295020166385,-5.321509828238847
391.7270795826374,2.9581522486526763,-5.314277151370894
391.7561303996934,2.9050817056054425,-5.30705430472338
391.78465123262197,2.852083292856086,-5.299841274935658
391.81264280174565,2.7991569123694338,-5.292638048665243
391.8401058264081,2.746302466243556,-5.28544461258778
391.8670410249752,2.6935198567095857,-5.278260953397027
391.8934491148365,2.6408089861315376,-5.271087057804827
391.9193308124066,2.588169757006127,-5.263922912541082
391.94468683312624,2.5356020719625896,-5.256768504353731
391.96951789146385,2.4831058337625023,-5.249623820008724
391.99382470091683,2.4306809452996023,-5.242488846289997
392.01760797401283,2.378327309599608,-5.235363569999451
392.040868422311,2.3260448298200385,-5.228247977956921
392.0636067564035,2.2738334092500367,-5.221142057000161
392.0858236859166,2.221692951310189,-5.21404579398481
392.10751991951213,2.1696233595523453,-5.206959175784373
392.1286961648887,2.1176245376594434,-5.199882189290197
392.14935312878316,2.065696389445329,-5.192814821411446
392.16949151697173,2.013838818854578,-5.185757059075073
392.1891120342714,1.9620517299623201,-5.178708889225802
392.2082153845411,1.910335026974059,-5.171670298826099
392.2268022706834,1.8586886142254975,-5.1646412748561525
392.2448733946452,1.807112396182359,-5.157621804313845
392.2624294574196,1.7556062774402117,-5.1506118742147295
392.27947115904686,1.7041701627242916,-5.143611471592009
392.29599919861573,1.6528039568893265,-5.1366205834965095
392.3120142742649,1.60150756491936,-5.129639196996656
392.3275170831842,1.5502808919275755,-5.12266729917845
392.34250832161575,1.499123843156121,-5.115704877145445
392.35698868485554,1.4480363239759337,-5.108751918018721
392.3709588672544,1.3970182398865651,-5.101808408936865
392.38441956221953,1.3460694965160056,-5.094874337055943
392.39737146221574,1.2951899996205107,-5.087949689549476
392.40981525876657,1.2443796550844266,-5.081034453608423
392.4217516424558,1.1936383689200152,-5.074128616441145
392.43318130292846,1.1429660472672811,-5.067232165273396
392.4441049288924,1.0923625963937982,-5.060345087348286
392.4545232081193,1.0418279226945355,-5.053467369926267
392.46443682744626,0.9913619326916845,-5.046599000285106
392.4738464727766,0.9409645330344859,-5.039739965719858
392.48275282908156,0.8906356304990575,-5.032890253542849
392.4911565804014,0.840375131988221,-5.026049851083649
392.4990584098467,0.7901829445313305,-5.019218745689047
392.50645899959954,0.7400589752841003,-5.012396924723031
392.51335903091484,0.6900031315284326,-5.005584375566763
392.51975918412154,0.6400153206722471,-4.998781085618556
392.525660138624,0.5900954502493087,-4.991987042293848
392.5310625729032,0.5402434279190568,-4.985202233025185
392.53596716451784,0.49045916146643487,-4.978426645262191
392.54037459010584,0.44074255880171936,-4.97166026647155
392.5442855253854,0.3910935279603496,-4.964903084136977
392.54770064515645,0.34151197710275755,-4.958155085759203
392.5506206233016,0.2919978145141981,-4.951416258855945
392.55304613278764,0.24255094860457926,-4.944686590961883
392.5549778456667,0.19317128790829283,-4.937966069628643
392.5564164330776,0.14385874108404514,-4.931254682424768
392.5573625652467,0.09461321691468817,-4.924552416935697
392.5578169114898,0.04543462430705074,-4.917859260763743
392.5577801402127,-0.003677127708229949,-4.911175201528069
392.5572529189129,-0.052722129976876586,-4.904500226864664
392.5562359141807,-0.10170047322113981,-4.897834324426323
392.5547297917003,-0.15061224803996603,-4.891177481882623
392.5527352162512,-0.199457544909165,-4.884529686919897
392.5502528517094,-0.24823645418157717,-4.877890927241216
392.5472833610485,-0.2969490660872408,-4.871261190566365
392.54382740634117,-0.345595470733559,-4.864640464631819
392.5398856487601,-0.3941757581054662,-4.858028737190719
392.53545874857946,-0.4426900180655947,-4.851425996012854
392.5305473651759,-0.49113834035444104,-4.844832228884633
392.52515215703,-0.5395208145905317,-4.838247423609067
392.5192737817273,-0.5878375302705892,-4.831671568005743
392.5129128959596,-0.6360885767696972,-4.825104649910803
392.5060701555262,-0.6842740433414665,-4.818546657176924
392.498746215335,-0.7323940191181993,-4.811997577673289
392.4909417294039,-0.7804485931110551,-4.80545739928557
392.4826573508618,-0.8284378542102141,-4.798926109915905
392.47389373194994,-0.8763618911850428,-4.792403697482873
392.4646515240231,-0.9242207926842576,-4.785890149921476
392.45493137755074,-0.9720146472360888,-4.779385455183112
392.44473394211826,-1.0197435432484443,-4.772889601235555
392.4340598664282,-1.0674075690090736,-4.766402576062931
392.4229097983013,-1.1150068126857307,-4.759924367665701
